fare_id,route_id, origin_id, destination_id, contains_id
181387,20,,,
181391,90,,,
181367,40,55706,55710,
181367,2,55706,55710,
181367,8,55706,55710,
181367,30,55706,55710,
181367,6,55706,55710,
181367,3,55706,55710,
181367,1,55706,55710,
181367,4,55706,55710,
181367,5,55706,55710,
181367,7,55706,55710,
181367,7AT,55706,55710,
181367,7AT-3,55706,55710,
181367,7BT,55706,55710,
181367,9,55706,55710,
181371,40,55710,55707,
181371,2,55710,55707,
181371,8,55710,55707,
181371,30,55710,55707,
181371,6,55710,55707,
181371,3,55710,55707,
181371,1,55710,55707,
181371,4,55710,55707,
181371,5,55710,55707,
181371,7,55710,55707,
181371,7AT,55710,55707,
181371,7AT-3,55710,55707,
181371,7BT,55710,55707,
181371,9,55710,55707,
181375,40,55707,55710,
181375,2,55707,55710,
181375,8,55707,55710,
181375,30,55707,55710,
181375,6,55707,55710,
181375,3,55707,55710,
181375,1,55707,55710,
181375,4,55707,55710,
181375,5,55707,55710,
181375,7,55707,55710,
181375,7AT,55707,55710,
181375,7AT-3,55707,55710,
181375,7BT,55707,55710,
181375,9,55707,55710,
181379,40,55709,55706,
181379,2,55709,55706,
181379,8,55709,55706,
181379,30,55709,55706,
181379,6,55709,55706,
181379,3,55709,55706,
181379,1,55709,55706,
181379,4,55709,55706,
181379,5,55709,55706,
181379,7,55709,55706,
181379,7AT,55709,55706,
181379,7AT-3,55709,55706,
181379,7BT,55709,55706,
181379,9,55709,55706,
181383,40,55705,55705,
181383,2,55705,55705,
181383,8,55705,55705,
181383,30,55705,55705,
181383,6,55705,55705,
181383,3,55705,55705,
181383,1,55705,55705,
181383,4,55705,55705,
181383,5,55705,55705,
181383,7,55705,55705,
181383,7AT,55705,55705,
181383,7AT-3,55705,55705,
181383,7BT,55705,55705,
181383,9,55705,55705,
181395,40,55710,55706,
181395,2,55710,55706,
181395,8,55710,55706,
181395,30,55710,55706,
181395,6,55710,55706,
181395,3,55710,55706,
181395,1,55710,55706,
181395,4,55710,55706,
181395,5,55710,55706,
181395,7,55710,55706,
181395,7AT,55710,55706,
181395,7AT-3,55710,55706,
181395,7BT,55710,55706,
181395,9,55710,55706,
181399,40,55706,55709,
181399,2,55706,55709,
181399,8,55706,55709,
181399,30,55706,55709,
181399,6,55706,55709,
181399,3,55706,55709,
181399,1,55706,55709,
181399,4,55706,55709,
181399,5,55706,55709,
181399,7,55706,55709,
181399,7AT,55706,55709,
181399,7AT-3,55706,55709,
181399,7BT,55706,55709,
181399,9,55706,55709,
181403,40,55710,55709,
181403,2,55710,55709,
181403,8,55710,55709,
181403,30,55710,55709,
181403,6,55710,55709,
181403,3,55710,55709,
181403,1,55710,55709,
181403,4,55710,55709,
181403,5,55710,55709,
181403,7,55710,55709,
181403,7AT,55710,55709,
181403,7AT-3,55710,55709,
181403,7BT,55710,55709,
181403,9,55710,55709,
181407,40,55709,55710,
181407,2,55709,55710,
181407,8,55709,55710,
181407,30,55709,55710,
181407,6,55709,55710,
181407,3,55709,55710,
181407,1,55709,55710,
181407,4,55709,55710,
181407,5,55709,55710,
181407,7,55709,55710,
181407,7AT,55709,55710,
181407,7AT-3,55709,55710,
181407,7BT,55709,55710,
181407,9,55709,55710,
181411,40,55710,55711,
181411,2,55710,55711,
181411,8,55710,55711,
181411,30,55710,55711,
181411,6,55710,55711,
181411,3,55710,55711,
181411,1,55710,55711,
181411,4,55710,55711,
181411,5,55710,55711,
181411,7,55710,55711,
181411,7AT,55710,55711,
181411,7AT-3,55710,55711,
181411,7BT,55710,55711,
181411,9,55710,55711,
181415,40,55711,55710,
181415,2,55711,55710,
181415,8,55711,55710,
181415,30,55711,55710,
181415,6,55711,55710,
181415,3,55711,55710,
181415,1,55711,55710,
181415,4,55711,55710,
181415,5,55711,55710,
181415,7,55711,55710,
181415,7AT,55711,55710,
181415,7AT-3,55711,55710,
181415,7BT,55711,55710,
181415,9,55711,55710,
181419,40,55709,55711,
181419,2,55709,55711,
181419,8,55709,55711,
181419,30,55709,55711,
181419,6,55709,55711,
181419,3,55709,55711,
181419,1,55709,55711,
181419,4,55709,55711,
181419,5,55709,55711,
181419,7,55709,55711,
181419,7AT,55709,55711,
181419,7AT-3,55709,55711,
181419,7BT,55709,55711,
181419,9,55709,55711,
181423,40,55711,55709,
181423,2,55711,55709,
181423,8,55711,55709,
181423,30,55711,55709,
181423,6,55711,55709,
181423,3,55711,55709,
181423,1,55711,55709,
181423,4,55711,55709,
181423,5,55711,55709,
181423,7,55711,55709,
181423,7AT,55711,55709,
181423,7AT-3,55711,55709,
181423,7BT,55711,55709,
181423,9,55711,55709,
181427,40,55709,55707,
181427,2,55709,55707,
181427,8,55709,55707,
181427,30,55709,55707,
181427,6,55709,55707,
181427,3,55709,55707,
181427,1,55709,55707,
181427,4,55709,55707,
181427,5,55709,55707,
181427,7,55709,55707,
181427,7AT,55709,55707,
181427,7AT-3,55709,55707,
181427,7BT,55709,55707,
181427,9,55709,55707,
181431,40,55707,55709,
181431,2,55707,55709,
181431,8,55707,55709,
181431,30,55707,55709,
181431,6,55707,55709,
181431,3,55707,55709,
181431,1,55707,55709,
181431,4,55707,55709,
181431,5,55707,55709,
181431,7,55707,55709,
181431,7AT,55707,55709,
181431,7AT-3,55707,55709,
181431,7BT,55707,55709,
181431,9,55707,55709,
181435,40,55711,55707,
181435,2,55711,55707,
181435,8,55711,55707,
181435,30,55711,55707,
181435,6,55711,55707,
181435,3,55711,55707,
181435,1,55711,55707,
181435,4,55711,55707,
181435,5,55711,55707,
181435,7,55711,55707,
181435,7AT,55711,55707,
181435,7AT-3,55711,55707,
181435,7BT,55711,55707,
181435,9,55711,55707,
181439,40,55707,55711,
181439,2,55707,55711,
181439,8,55707,55711,
181439,30,55707,55711,
181439,6,55707,55711,
181439,3,55707,55711,
181439,1,55707,55711,
181439,4,55707,55711,
181439,5,55707,55711,
181439,7,55707,55711,
181439,7AT,55707,55711,
181439,7AT-3,55707,55711,
181439,7BT,55707,55711,
181439,9,55707,55711,
181443,40,55711,55706,
181443,2,55711,55706,
181443,8,55711,55706,
181443,30,55711,55706,
181443,6,55711,55706,
181443,3,55711,55706,
181443,1,55711,55706,
181443,4,55711,55706,
181443,5,55711,55706,
181443,7,55711,55706,
181443,7AT,55711,55706,
181443,7AT-3,55711,55706,
181443,7BT,55711,55706,
181443,9,55711,55706,
181447,40,55706,55711,
181447,2,55706,55711,
181447,8,55706,55711,
181447,30,55706,55711,
181447,6,55706,55711,
181447,3,55706,55711,
181447,1,55706,55711,
181447,4,55706,55711,
181447,5,55706,55711,
181447,7,55706,55711,
181447,7AT,55706,55711,
181447,7AT-3,55706,55711,
181447,7BT,55706,55711,
181447,9,55706,55711,
181451,40,55707,55706,
181451,2,55707,55706,
181451,8,55707,55706,
181451,30,55707,55706,
181451,6,55707,55706,
181451,3,55707,55706,
181451,1,55707,55706,
181451,4,55707,55706,
181451,5,55707,55706,
181451,7,55707,55706,
181451,7AT,55707,55706,
181451,7AT-3,55707,55706,
181451,7BT,55707,55706,
181451,9,55707,55706,
181455,40,55706,55707,
181455,2,55706,55707,
181455,8,55706,55707,
181455,30,55706,55707,
181455,6,55706,55707,
181455,3,55706,55707,
181455,1,55706,55707,
181455,4,55706,55707,
181455,5,55706,55707,
181455,7,55706,55707,
181455,7AT,55706,55707,
181455,7AT-3,55706,55707,
181455,7BT,55706,55707,
181455,9,55706,55707,
181459,40,55710,55708,
181459,2,55710,55708,
181459,8,55710,55708,
181459,30,55710,55708,
181459,6,55710,55708,
181459,3,55710,55708,
181459,1,55710,55708,
181459,4,55710,55708,
181459,5,55710,55708,
181459,7,55710,55708,
181459,7AT,55710,55708,
181459,7AT-3,55710,55708,
181459,7BT,55710,55708,
181459,9,55710,55708,
181463,40,55708,55710,
181463,2,55708,55710,
181463,8,55708,55710,
181463,30,55708,55710,
181463,6,55708,55710,
181463,3,55708,55710,
181463,1,55708,55710,
181463,4,55708,55710,
181463,5,55708,55710,
181463,7,55708,55710,
181463,7AT,55708,55710,
181463,7AT-3,55708,55710,
181463,7BT,55708,55710,
181463,9,55708,55710,
181467,40,55709,55712,
181467,2,55709,55712,
181467,8,55709,55712,
181467,30,55709,55712,
181467,6,55709,55712,
181467,3,55709,55712,
181467,1,55709,55712,
181467,4,55709,55712,
181467,5,55709,55712,
181467,7,55709,55712,
181467,7AT,55709,55712,
181467,7AT-3,55709,55712,
181467,7BT,55709,55712,
181467,9,55709,55712,
181471,40,55712,55709,
181471,2,55712,55709,
181471,8,55712,55709,
181471,30,55712,55709,
181471,6,55712,55709,
181471,3,55712,55709,
181471,1,55712,55709,
181471,4,55712,55709,
181471,5,55712,55709,
181471,7,55712,55709,
181471,7AT,55712,55709,
181471,7AT-3,55712,55709,
181471,7BT,55712,55709,
181471,9,55712,55709,
181475,40,55710,55712,
181475,2,55710,55712,
181475,8,55710,55712,
181475,30,55710,55712,
181475,6,55710,55712,
181475,3,55710,55712,
181475,1,55710,55712,
181475,4,55710,55712,
181475,5,55710,55712,
181475,7,55710,55712,
181475,7AT,55710,55712,
181475,7AT-3,55710,55712,
181475,7BT,55710,55712,
181475,9,55710,55712,
181479,40,55712,55710,
181479,2,55712,55710,
181479,8,55712,55710,
181479,30,55712,55710,
181479,6,55712,55710,
181479,3,55712,55710,
181479,1,55712,55710,
181479,4,55712,55710,
181479,5,55712,55710,
181479,7,55712,55710,
181479,7AT,55712,55710,
181479,7AT-3,55712,55710,
181479,7BT,55712,55710,
181479,9,55712,55710,
181483,40,55712,55708,
181483,2,55712,55708,
181483,8,55712,55708,
181483,30,55712,55708,
181483,6,55712,55708,
181483,3,55712,55708,
181483,1,55712,55708,
181483,4,55712,55708,
181483,5,55712,55708,
181483,7,55712,55708,
181483,7AT,55712,55708,
181483,7AT-3,55712,55708,
181483,7BT,55712,55708,
181483,9,55712,55708,
181487,40,55708,55712,
181487,2,55708,55712,
181487,8,55708,55712,
181487,30,55708,55712,
181487,6,55708,55712,
181487,3,55708,55712,
181487,1,55708,55712,
181487,4,55708,55712,
181487,5,55708,55712,
181487,7,55708,55712,
181487,7AT,55708,55712,
181487,7AT-3,55708,55712,
181487,7BT,55708,55712,
181487,9,55708,55712,
181491,40,55709,55708,
181491,2,55709,55708,
181491,8,55709,55708,
181491,30,55709,55708,
181491,6,55709,55708,
181491,3,55709,55708,
181491,1,55709,55708,
181491,4,55709,55708,
181491,5,55709,55708,
181491,7,55709,55708,
181491,7AT,55709,55708,
181491,7AT-3,55709,55708,
181491,7BT,55709,55708,
181491,9,55709,55708,
181495,40,55708,55709,
181495,2,55708,55709,
181495,8,55708,55709,
181495,30,55708,55709,
181495,6,55708,55709,
181495,3,55708,55709,
181495,1,55708,55709,
181495,4,55708,55709,
181495,5,55708,55709,
181495,7,55708,55709,
181495,7AT,55708,55709,
181495,7AT-3,55708,55709,
181495,7BT,55708,55709,
181495,9,55708,55709,