fare_id,route_id, origin_id, destination_id, contains_id
177939,,55510,55495,
178722,,55504,55500,
178723,,55521,55500,
178724,,55518,55500,
178725,,55500,55500,
178726,,55501,55500,
178727,,55522,55500,
178728,,55532,55500,
178729,,55512,55500,
178730,,55520,55500,
178731,,55525,55500,
178732,,55534,55500,
178733,,55507,55500,
178734,,55516,55500,
178735,,55523,55500,
178736,,55498,55500,
178737,,55491,55500,
178738,,55493,55500,
178739,,55510,55500,
178740,,55491,55501,
178741,,55493,55501,
178742,,55510,55501,
178743,,55495,55501,
178744,,55502,55501,
178745,,55530,55522,
178746,,55526,55522,
178747,,55528,55522,
178748,,55515,55522,
178749,,55533,55522,
178750,,55524,55522,
178751,,55505,55522,
178752,,55506,55522,
178753,,55517,55522,
178754,,55503,55522,
178755,,55494,55522,
178756,,55514,55522,
178757,,55492,55522,
178758,,55490,55522,
178759,,55513,55522,
178760,,55509,55522,
178761,,55499,55522,
178762,,55527,55522,
178763,,55496,55522,
178764,,55511,55522,
178765,,55529,55522,
178766,,55531,55522,
178767,,55508,55522,
178768,,55497,55522,
178769,,55504,55522,
178770,,55521,55522,
178771,,55518,55522,
178772,,55500,55522,
178773,,55501,55522,
178774,,55522,55522,
178775,,55532,55522,
178776,,55492,55527,
178777,,55490,55527,
178778,,55513,55527,
178779,,55509,55527,
178780,,55499,55527,
178781,,55527,55527,
178782,,55496,55527,
178783,,55511,55527,
178784,,55529,55527,
178785,,55531,55527,
178786,,55508,55527,
178787,,55497,55527,
178788,,55504,55527,
178789,,55521,55527,
177940,,55495,55495,
177941,,55502,55495,
177942,,55503,55519,
177943,,55515,55519,
177944,,55519,55515,
177945,,55519,55526,
177946,,55519,55528,
177947,,55519,55530,
177948,,55519,55533,
177949,,55526,55519,
177950,,55528,55519,
177951,,55530,55519,
177952,,55533,55519,
177953,,55505,55519,
177954,,55506,55519,
177955,,55517,55519,
177956,,55519,55503,
177957,,55519,55505,
177958,,55519,55506,
177959,,55519,55517,
177960,,55519,55524,
177961,,55524,55519,
177962,,55494,55519,
177963,,55519,55494,
177964,,55490,55519,
177965,,55492,55519,
177966,,55508,55519,
177967,,55511,55519,
177968,,55514,55519,
177969,,55519,55490,
177970,,55519,55492,
177971,,55519,55508,
177972,,55519,55511,
177973,,55519,55514,
177974,,55519,55529,
177975,,55519,55531,
177976,,55529,55519,
177977,,55531,55519,
177978,,55497,55519,
177979,,55500,55519,
177980,,55501,55519,
177981,,55504,55519,
177982,,55512,55519,
177983,,55518,55519,
177984,,55519,55497,
177985,,55519,55500,
177986,,55519,55501,
177987,,55519,55504,
177988,,55519,55512,
177989,,55519,55518,
177990,,55519,55520,
177991,,55519,55521,
177992,,55519,55522,
177993,,55519,55525,
177994,,55519,55532,
177995,,55520,55519,
177996,,55521,55519,
177997,,55522,55519,
177998,,55525,55519,
177999,,55532,55519,
178000,,55491,55519,
178001,,55493,55519,
178002,,55495,55519,
178003,,55496,55519,
178004,,55498,55519,
178005,,55499,55519,
178006,,55502,55519,
178007,,55507,55519,
178008,,55509,55519,
178009,,55510,55519,
178010,,55513,55519,
178011,,55516,55519,
178012,,55519,55491,
178013,,55519,55493,
178014,,55519,55495,
178015,,55519,55496,
178016,,55519,55498,
178017,,55519,55499,
178018,,55519,55502,
178019,,55519,55507,
178020,,55519,55509,
178021,,55519,55510,
178022,,55519,55513,
178023,,55519,55516,
178024,,55519,55523,
178025,,55519,55534,
178026,,55523,55519,
178027,,55534,55519,
178028,,55519,55519,
178029,,55519,55527,
178030,,55527,55519,
178031,,55530,55502,
178032,,55526,55502,
178033,,55528,55502,
178034,,55515,55502,
178035,,55533,55502,
178036,,55524,55502,
178037,,55525,55495,
178038,,55534,55495,
178039,,55505,55502,
178040,,55506,55502,
178041,,55530,55494,
178042,,55526,55494,
178043,,55528,55494,
178044,,55515,55494,
178045,,55533,55494,
178046,,55524,55494,
178047,,55505,55494,
178048,,55506,55494,
178049,,55517,55494,
178050,,55503,55494,
178051,,55494,55494,
178052,,55514,55494,
178053,,55492,55494,
178054,,55490,55494,
178055,,55513,55494,
178056,,55509,55494,
178057,,55527,55494,
178058,,55496,55494,
178059,,55511,55494,
178060,,55529,55494,
178061,,55531,55494,
178062,,55508,55494,
178063,,55497,55494,
178064,,55504,55494,
178065,,55521,55494,
178066,,55518,55494,
178067,,55500,55494,
178068,,55501,55494,
178069,,55522,55494,
178070,,55532,55494,
178071,,55512,55494,
178072,,55520,55494,
178073,,55525,55494,
178074,,55534,55494,
178075,,55507,55494,
178076,,55516,55494,
178077,,55523,55494,
178078,,55498,55494,
178079,,55491,55494,
178080,,55493,55494,
178081,,55510,55494,
178082,,55495,55494,
178083,,55502,55494,
178084,,55530,55514,
178085,,55526,55514,
178086,,55528,55514,
178087,,55515,55514,
178088,,55533,55514,
178089,,55524,55514,
178090,,55505,55514,
178091,,55506,55514,
178092,,55517,55514,
178093,,55503,55514,
178094,,55494,55514,
178095,,55514,55514,
178096,,55492,55514,
178097,,55490,55514,
178098,,55513,55514,
178099,,55509,55514,
178100,,55499,55514,
178101,,55527,55514,
178102,,55496,55514,
178103,,55511,55514,
178104,,55529,55514,
178105,,55531,55514,
178106,,55508,55514,
178107,,55497,55514,
178108,,55504,55514,
178109,,55521,55514,
178110,,55518,55514,
178111,,55500,55514,
178112,,55501,55514,
178113,,55522,55514,
178114,,55532,55514,
178115,,55512,55514,
178116,,55520,55514,
178117,,55525,55514,
178118,,55534,55514,
178119,,55507,55514,
178120,,55516,55514,
178121,,55523,55514,
178122,,55498,55514,
178123,,55491,55514,
178124,,55493,55514,
178125,,55510,55514,
178126,,55495,55514,
178127,,55502,55514,
178128,,55530,55492,
178129,,55526,55492,
178130,,55525,55526,
178131,,55534,55526,
178132,,55507,55526,
178133,,55516,55526,
178134,,55523,55526,
178135,,55498,55526,
178136,,55491,55526,
178137,,55493,55526,
178138,,55510,55526,
178139,,55495,55526,
178140,,55502,55526,
178141,,55530,55528,
178142,,55526,55528,
178143,,55528,55528,
178144,,55515,55528,
178145,,55533,55528,
178146,,55524,55528,
178147,,55505,55528,
178148,,55506,55528,
178149,,55517,55528,
178150,,55503,55528,
178151,,55494,55528,
178152,,55514,55528,
178153,,55492,55528,
178154,,55490,55528,
178155,,55513,55528,
178156,,55509,55528,
178157,,55499,55528,
178158,,55527,55528,
178159,,55496,55528,
178160,,55511,55528,
178161,,55532,55499,
178162,,55512,55499,
178163,,55520,55499,
178164,,55525,55499,
178165,,55534,55499,
178166,,55507,55499,
178167,,55516,55499,
178168,,55523,55499,
178169,,55498,55499,
178170,,55491,55499,
178171,,55493,55499,
178172,,55510,55499,
178173,,55495,55499,
178174,,55502,55499,
178175,,55525,55511,
178176,,55534,55511,
178177,,55507,55511,
178178,,55516,55511,
178179,,55523,55511,
178180,,55498,55511,
178181,,55491,55511,
178182,,55493,55511,
178183,,55510,55511,
178184,,55495,55511,
178185,,55502,55511,
178186,,55526,55515,
178187,,55528,55515,
178188,,55515,55515,
178189,,55533,55515,
178190,,55524,55515,
178191,,55505,55515,
178192,,55506,55515,
178193,,55517,55515,
178194,,55503,55515,
178195,,55494,55515,
178196,,55514,55515,
178197,,55492,55515,
178198,,55490,55515,
178199,,55513,55515,
178200,,55509,55515,
178201,,55499,55515,
178202,,55527,55515,
178203,,55496,55515,
178204,,55511,55515,
178205,,55529,55515,
178206,,55531,55515,
178207,,55508,55515,
178208,,55497,55515,
178209,,55504,55515,
178210,,55521,55515,
178211,,55518,55515,
178212,,55500,55515,
178213,,55501,55515,
178214,,55522,55515,
178215,,55532,55515,
178216,,55512,55515,
178217,,55520,55515,
178218,,55525,55515,
178219,,55534,55515,
178220,,55507,55515,
178221,,55516,55515,
178222,,55523,55515,
178223,,55498,55515,
178224,,55491,55515,
178225,,55493,55515,
178226,,55510,55515,
178227,,55495,55515,
178228,,55502,55515,
178229,,55530,55533,
178230,,55526,55533,
178231,,55528,55533,
178232,,55515,55533,
178233,,55533,55533,
178234,,55524,55533,
178235,,55505,55533,
178236,,55506,55533,
178237,,55517,55533,
178238,,55503,55533,
178239,,55494,55533,
178240,,55514,55533,
178241,,55492,55533,
178242,,55490,55533,
178243,,55513,55533,
178244,,55509,55533,
178245,,55499,55533,
178246,,55527,55533,
178247,,55496,55533,
178248,,55511,55533,
178249,,55529,55533,
178250,,55531,55533,
178251,,55508,55533,
178252,,55497,55533,
178253,,55504,55533,
178254,,55521,55533,
178255,,55528,55495,
178256,,55508,55518,
178257,,55497,55518,
178258,,55504,55518,
178259,,55521,55518,
178260,,55518,55518,
178261,,55500,55518,
178262,,55501,55518,
178263,,55522,55518,
178264,,55532,55518,
178265,,55512,55518,
178266,,55520,55518,
178267,,55525,55518,
178268,,55534,55518,
178269,,55507,55518,
178270,,55516,55518,
178271,,55523,55518,
178272,,55498,55518,
178273,,55491,55518,
178274,,55493,55518,
178275,,55510,55518,
178276,,55495,55518,
178277,,55502,55518,
178278,,55530,55500,
178279,,55526,55500,
178280,,55528,55500,
178281,,55515,55500,
178282,,55533,55500,
178283,,55524,55500,
178284,,55505,55500,
178285,,55518,55533,
178286,,55500,55533,
178287,,55501,55533,
178288,,55522,55533,
178289,,55532,55533,
178290,,55512,55533,
178291,,55520,55533,
178292,,55525,55533,
178293,,55534,55533,
178294,,55507,55533,
178295,,55516,55533,
178296,,55523,55533,
178297,,55498,55533,
178298,,55491,55533,
178299,,55493,55533,
178300,,55510,55533,
178301,,55495,55533,
178302,,55502,55533,
178303,,55530,55524,
178304,,55526,55524,
178305,,55528,55524,
178306,,55515,55524,
178307,,55533,55524,
178308,,55524,55524,
178309,,55505,55524,
178310,,55506,55524,
178311,,55517,55524,
178312,,55503,55524,
178313,,55494,55524,
178314,,55514,55524,
178315,,55492,55524,
178316,,55490,55524,
178317,,55513,55524,
178318,,55509,55524,
178319,,55499,55524,
178320,,55527,55524,
178321,,55496,55524,
178322,,55511,55524,
178323,,55529,55524,
178324,,55531,55524,
178325,,55508,55524,
178326,,55497,55524,
178327,,55504,55524,
178328,,55521,55524,
178329,,55518,55524,
178330,,55500,55524,
178331,,55501,55524,
178332,,55522,55524,
178333,,55532,55524,
178334,,55512,55524,
178335,,55520,55524,
178336,,55525,55524,
178337,,55534,55524,
178338,,55507,55524,
178339,,55516,55524,
178340,,55523,55524,
178341,,55498,55524,
178342,,55491,55524,
178343,,55493,55524,
178344,,55510,55524,
178345,,55495,55524,
178346,,55502,55524,
178347,,55530,55505,
178348,,55526,55505,
178349,,55528,55505,
178350,,55515,55505,
178351,,55533,55505,
178352,,55524,55505,
178353,,55505,55505,
178354,,55506,55505,
178355,,55517,55505,
178356,,55503,55505,
178357,,55494,55505,
178358,,55514,55505,
178359,,55492,55505,
178360,,55490,55505,
178361,,55513,55505,
178362,,55509,55505,
178363,,55499,55505,
178364,,55527,55505,
178365,,55496,55505,
178366,,55511,55505,
178367,,55529,55505,
178368,,55517,55502,
178369,,55503,55502,
178370,,55494,55502,
178371,,55514,55502,
178372,,55492,55502,
178373,,55490,55502,
178374,,55513,55502,
178375,,55509,55502,
178376,,55499,55502,
178377,,55527,55502,
178378,,55496,55502,
178379,,55511,55502,
178380,,55529,55502,
178381,,55531,55502,
178382,,55508,55502,
178383,,55497,55502,
178384,,55504,55502,
178385,,55521,55502,
178386,,55518,55502,
178387,,55500,55502,
178388,,55501,55502,
178389,,55522,55502,
176765,,55500,55527,
176766,,55501,55527,
176767,,55522,55527,
176768,,55532,55527,
176769,,55512,55527,
176770,,55520,55527,
176771,,55525,55527,
176772,,55534,55527,
176773,,55507,55527,
176774,,55516,55527,
176775,,55523,55527,
176776,,55498,55527,
176777,,55491,55527,
176778,,55493,55527,
176779,,55510,55527,
176780,,55495,55527,
176781,,55502,55527,
176782,,55530,55496,
176783,,55526,55496,
176784,,55528,55496,
176785,,55515,55496,
178390,,55532,55502,
178391,,55512,55502,
178392,,55520,55502,
178393,,55525,55502,
178394,,55534,55502,
178395,,55507,55502,
178396,,55516,55502,
178397,,55523,55502,
178398,,55498,55502,
178399,,55528,55529,
178400,,55515,55529,
178401,,55533,55529,
178402,,55524,55529,
178403,,55505,55529,
178404,,55506,55529,
178405,,55517,55529,
178406,,55511,55529,
178407,,55529,55529,
178408,,55531,55529,
178409,,55508,55529,
178410,,55497,55529,
178411,,55504,55529,
178412,,55521,55529,
178413,,55530,55529,
178414,,55526,55529,
178415,,55518,55529,
178416,,55500,55529,
178417,,55501,55529,
178418,,55522,55529,
178419,,55532,55529,
178420,,55512,55529,
178421,,55520,55529,
178422,,55525,55529,
178423,,55534,55529,
178424,,55507,55529,
178425,,55516,55529,
178426,,55523,55529,
178427,,55498,55529,
178428,,55491,55529,
178429,,55493,55529,
178430,,55510,55529,
178431,,55495,55529,
178432,,55502,55529,
178433,,55530,55531,
178434,,55526,55531,
178435,,55528,55531,
178436,,55515,55531,
178437,,55533,55531,
178438,,55524,55531,
178439,,55505,55531,
178440,,55506,55531,
178441,,55517,55531,
178442,,55503,55531,
178443,,55494,55531,
178444,,55514,55531,
178445,,55492,55531,
178446,,55490,55531,
178447,,55513,55531,
178448,,55509,55531,
178449,,55499,55531,
178450,,55527,55531,
178451,,55496,55531,
178452,,55511,55531,
178453,,55529,55531,
178454,,55531,55531,
178455,,55508,55531,
178456,,55497,55531,
178457,,55504,55531,
178458,,55521,55531,
178459,,55518,55531,
178460,,55500,55531,
178461,,55501,55531,
178462,,55522,55531,
178463,,55532,55531,
178464,,55512,55531,
178465,,55520,55531,
178466,,55525,55531,
178467,,55534,55531,
178468,,55507,55531,
178469,,55516,55531,
178470,,55523,55531,
178471,,55498,55531,
178472,,55491,55531,
178473,,55493,55531,
178474,,55510,55531,
178475,,55495,55531,
178476,,55502,55531,
178477,,55530,55508,
178478,,55526,55508,
178479,,55528,55508,
178480,,55515,55508,
178481,,55533,55508,
178482,,55524,55508,
178483,,55505,55508,
178484,,55506,55508,
178485,,55517,55508,
178486,,55503,55508,
178487,,55494,55508,
178488,,55514,55508,
178489,,55492,55508,
178490,,55490,55508,
178491,,55513,55508,
178492,,55509,55508,
178493,,55491,55525,
178494,,55491,55498,
178495,,55491,55502,
178496,,55502,55500,
178497,,55530,55501,
178498,,55526,55501,
178499,,55528,55501,
178500,,55515,55501,
178501,,55533,55501,
178502,,55524,55501,
178503,,55505,55501,
178504,,55506,55501,
178505,,55517,55501,
178506,,55503,55501,
178507,,55494,55501,
178508,,55514,55501,
178509,,55492,55501,
178510,,55490,55501,
178511,,55513,55501,
178512,,55509,55501,
178513,,55499,55501,
178514,,55527,55501,
178515,,55496,55501,
178516,,55511,55501,
178517,,55529,55501,
178518,,55531,55501,
178519,,55508,55501,
176786,,55533,55496,
176787,,55524,55496,
176788,,55505,55496,
176789,,55506,55496,
176790,,55517,55496,
176791,,55503,55496,
176792,,55494,55496,
176793,,55514,55496,
176794,,55492,55496,
176795,,55490,55496,
176796,,55513,55496,
176797,,55509,55496,
176798,,55499,55496,
176799,,55527,55496,
176800,,55496,55496,
176801,,55511,55496,
176802,,55529,55496,
176803,,55531,55496,
176804,,55508,55496,
176805,,55497,55496,
176806,,55504,55496,
176807,,55521,55496,
176808,,55518,55496,
176809,,55500,55496,
176810,,55501,55496,
176811,,55522,55496,
176812,,55532,55496,
176813,,55512,55496,
176814,,55520,55496,
176815,,55525,55496,
176816,,55534,55496,
176817,,55507,55496,
176818,,55516,55496,
176819,,55523,55496,
176820,,55498,55496,
176821,,55491,55496,
176822,,55493,55496,
176823,,55510,55496,
176824,,55495,55496,
176825,,55502,55496,
176826,,55530,55511,
176827,,55526,55511,
176828,,55528,55511,
176829,,55515,55511,
176830,,55533,55511,
176831,,55524,55511,
176832,,55505,55511,
176833,,55506,55511,
176834,,55517,55511,
176835,,55503,55511,
176836,,55494,55511,
176837,,55514,55511,
176838,,55492,55511,
176839,,55490,55511,
176840,,55513,55511,
176841,,55509,55511,
176842,,55499,55511,
176843,,55527,55511,
176844,,55496,55511,
176845,,55511,55511,
176846,,55529,55511,
176847,,55531,55511,
176848,,55508,55511,
176849,,55497,55511,
176850,,55504,55511,
176851,,55521,55511,
176852,,55518,55511,
176853,,55500,55511,
176854,,55501,55511,
176855,,55522,55511,
176856,,55532,55511,
176857,,55512,55511,
176858,,55520,55511,
176859,,55512,55522,
176860,,55520,55522,
176861,,55525,55522,
176862,,55534,55522,
176863,,55507,55522,
176864,,55516,55522,
176865,,55523,55522,
176866,,55498,55522,
176867,,55491,55522,
176868,,55493,55522,
176869,,55510,55522,
176870,,55495,55522,
176871,,55502,55522,
176872,,55530,55532,
176873,,55526,55532,
176874,,55528,55532,
176875,,55515,55532,
176876,,55533,55532,
176877,,55524,55532,
176878,,55505,55532,
176879,,55506,55532,
176880,,55517,55532,
176881,,55503,55532,
176882,,55494,55532,
176883,,55514,55532,
176884,,55492,55532,
176885,,55490,55532,
176886,,55513,55532,
176887,,55509,55532,
176888,,55499,55532,
176889,,55495,55520,
176890,,55502,55520,
176891,,55530,55525,
176892,,55528,55525,
176893,,55515,55525,
176894,,55533,55525,
176895,,55524,55525,
176896,,55505,55525,
176897,,55506,55525,
176898,,55517,55525,
176899,,55503,55525,
176900,,55494,55525,
176901,,55514,55525,
176902,,55492,55525,
176903,,55490,55525,
176904,,55513,55525,
176905,,55509,55525,
176906,,55527,55525,
176907,,55496,55525,
176908,,55511,55525,
176909,,55529,55525,
176910,,55531,55525,
176911,,55508,55525,
176912,,55497,55525,
176913,,55504,55525,
176914,,55521,55525,
176915,,55518,55525,
176916,,55500,55525,
176917,,55501,55525,
176918,,55522,55525,
176919,,55532,55525,
176920,,55512,55525,
176921,,55520,55525,
176922,,55525,55525,
176923,,55534,55525,
176924,,55507,55525,
176925,,55516,55525,
176926,,55523,55525,
176927,,55498,55525,
176928,,55510,55525,
176929,,55529,55530,
176930,,55493,55525,
176931,,55495,55525,
176932,,55502,55525,
176933,,55518,55534,
176934,,55500,55534,
176935,,55501,55534,
176936,,55522,55534,
176937,,55532,55534,
176938,,55512,55534,
176939,,55520,55534,
176940,,55525,55534,
176941,,55534,55534,
176942,,55507,55534,
176943,,55516,55534,
176944,,55523,55534,
176945,,55498,55534,
176946,,55491,55534,
176947,,55493,55534,
176948,,55510,55534,
176949,,55495,55534,
176950,,55502,55534,
176951,,55530,55507,
176952,,55526,55507,
176953,,55528,55507,
176954,,55515,55507,
176955,,55533,55507,
176956,,55524,55507,
176957,,55505,55507,
176958,,55506,55507,
176959,,55517,55507,
176960,,55503,55507,
176961,,55494,55507,
176962,,55514,55507,
176963,,55492,55507,
176964,,55490,55507,
176965,,55513,55507,
176966,,55509,55507,
176967,,55499,55507,
176968,,55527,55507,
176969,,55496,55507,
176970,,55511,55507,
176971,,55529,55507,
176972,,55531,55507,
176973,,55508,55507,
176974,,55529,55526,
176975,,55531,55526,
176976,,55508,55526,
176977,,55497,55526,
176978,,55504,55526,
176979,,55521,55526,
176980,,55518,55526,
176981,,55500,55526,
176982,,55501,55526,
176983,,55522,55526,
176984,,55532,55526,
176985,,55512,55526,
176986,,55520,55526,
176987,,55499,55508,
176988,,55527,55508,
176989,,55496,55508,
176990,,55511,55508,
176991,,55529,55508,
176992,,55531,55508,
176993,,55508,55508,
176994,,55497,55508,
176995,,55504,55508,
176996,,55521,55508,
176997,,55518,55508,
176998,,55500,55508,
176999,,55501,55508,
177000,,55522,55508,
177001,,55532,55508,
177002,,55512,55508,
177003,,55520,55508,
177004,,55525,55508,
177005,,55534,55508,
177006,,55507,55508,
177007,,55516,55508,
177008,,55523,55508,
177009,,55498,55508,
177010,,55491,55508,
177011,,55493,55508,
177012,,55510,55508,
177013,,55495,55508,
177014,,55502,55508,
177015,,55530,55497,
177016,,55526,55497,
177017,,55528,55497,
177018,,55515,55497,
177019,,55533,55497,
177020,,55524,55497,
177021,,55505,55497,
177022,,55506,55497,
177023,,55517,55497,
177024,,55503,55497,
177025,,55494,55497,
177026,,55514,55497,
177027,,55492,55497,
177028,,55490,55497,
177029,,55513,55497,
177030,,55509,55497,
177031,,55499,55497,
177032,,55527,55497,
177033,,55496,55497,
177034,,55511,55497,
177035,,55529,55497,
177036,,55531,55497,
177037,,55508,55497,
177038,,55497,55497,
177039,,55504,55497,
177040,,55521,55497,
177041,,55518,55497,
177042,,55500,55497,
177043,,55501,55497,
177044,,55522,55497,
177045,,55532,55497,
177046,,55512,55497,
177047,,55520,55497,
177048,,55525,55497,
177049,,55534,55497,
177050,,55507,55497,
177051,,55516,55497,
177052,,55523,55497,
177053,,55498,55497,
177054,,55491,55497,
178520,,55497,55501,
178521,,55504,55501,
178522,,55521,55501,
178523,,55518,55501,
178524,,55500,55501,
178525,,55501,55501,
178526,,55522,55501,
178527,,55532,55501,
178528,,55512,55501,
178529,,55520,55501,
178530,,55525,55501,
178531,,55534,55501,
178532,,55507,55501,
178533,,55516,55501,
178534,,55523,55501,
178535,,55498,55501,
178536,,55531,55530,
178537,,55508,55530,
178538,,55497,55530,
178539,,55504,55530,
178540,,55521,55530,
178541,,55518,55530,
178542,,55500,55530,
178543,,55501,55530,
178544,,55522,55530,
178545,,55532,55530,
178546,,55512,55530,
178547,,55520,55530,
178548,,55525,55530,
178549,,55534,55530,
178550,,55507,55530,
178551,,55516,55530,
178552,,55523,55530,
178553,,55498,55530,
178554,,55491,55530,
178555,,55493,55530,
178556,,55510,55530,
178557,,55495,55530,
178558,,55502,55530,
178559,,55530,55526,
178560,,55526,55526,
178561,,55528,55526,
178562,,55515,55526,
178563,,55533,55526,
178564,,55524,55526,
178565,,55505,55526,
178566,,55506,55526,
178567,,55517,55526,
178568,,55503,55526,
178569,,55494,55526,
178570,,55514,55526,
178571,,55492,55526,
178572,,55490,55526,
178573,,55513,55526,
178574,,55509,55526,
178575,,55499,55526,
178576,,55527,55526,
178577,,55496,55526,
178578,,55511,55526,
178579,,55531,55505,
178580,,55508,55505,
178581,,55497,55505,
178582,,55504,55505,
178583,,55521,55505,
178584,,55518,55505,
178585,,55500,55505,
178586,,55501,55505,
178587,,55522,55505,
178588,,55532,55505,
178589,,55512,55505,
178590,,55520,55505,
178591,,55525,55505,
178592,,55534,55505,
178593,,55507,55505,
178594,,55516,55505,
178595,,55523,55505,
178596,,55498,55505,
178597,,55491,55505,
178598,,55530,55530,
178599,,55526,55530,
178600,,55528,55530,
178601,,55515,55530,
178602,,55533,55530,
178603,,55524,55530,
178604,,55505,55530,
178605,,55506,55530,
178606,,55517,55530,
178607,,55503,55530,
178608,,55494,55530,
178609,,55514,55530,
178610,,55492,55530,
178611,,55490,55530,
178612,,55513,55530,
178613,,55509,55530,
178614,,55499,55530,
178615,,55527,55530,
178616,,55496,55530,
178617,,55511,55530,
178618,,55508,55521,
178619,,55497,55521,
178620,,55504,55521,
178621,,55521,55521,
178622,,55518,55521,
178623,,55500,55521,
178624,,55501,55521,
178625,,55522,55521,
178626,,55532,55521,
178627,,55512,55521,
178628,,55520,55521,
178629,,55525,55521,
178630,,55534,55521,
178631,,55507,55521,
178632,,55516,55521,
178633,,55523,55521,
178634,,55498,55521,
178635,,55491,55521,
178636,,55493,55521,
178637,,55510,55521,
178638,,55495,55521,
178639,,55502,55521,
178640,,55530,55518,
178641,,55526,55518,
178642,,55528,55518,
178643,,55515,55518,
178644,,55533,55518,
178645,,55524,55518,
178646,,55505,55518,
178647,,55506,55518,
178648,,55517,55518,
178649,,55503,55518,
178650,,55494,55518,
178651,,55514,55518,
178652,,55492,55518,
178653,,55490,55518,
178654,,55513,55518,
178655,,55509,55518,
178656,,55499,55518,
178657,,55527,55518,
178658,,55496,55518,
178659,,55511,55518,
178660,,55529,55518,
178661,,55531,55518,
178662,,55526,55495,
178663,,55515,55495,
178664,,55533,55495,
178665,,55505,55495,
178666,,55503,55495,
178667,,55494,55495,
177055,,55493,55497,
177056,,55493,55502,
177057,,55510,55502,
177058,,55495,55502,
177059,,55502,55502,
177060,,55528,55492,
177061,,55515,55492,
177062,,55533,55492,
177063,,55524,55492,
177064,,55505,55492,
177065,,55506,55492,
177066,,55517,55492,
177067,,55503,55492,
177068,,55494,55492,
177069,,55514,55492,
177070,,55492,55492,
177071,,55490,55492,
177072,,55513,55492,
177073,,55509,55492,
177074,,55499,55492,
177075,,55527,55492,
177076,,55496,55492,
177077,,55511,55492,
177078,,55529,55492,
177079,,55531,55492,
177080,,55508,55492,
177081,,55497,55492,
177082,,55504,55492,
177083,,55521,55492,
177084,,55518,55492,
177085,,55500,55492,
177086,,55501,55492,
177087,,55522,55492,
177088,,55532,55492,
177089,,55512,55492,
177090,,55520,55492,
177091,,55525,55492,
177092,,55534,55492,
177093,,55507,55492,
177094,,55516,55492,
177095,,55523,55492,
177096,,55498,55492,
177097,,55491,55492,
177098,,55493,55492,
177099,,55510,55492,
177100,,55495,55492,
177101,,55502,55492,
177102,,55530,55490,
177103,,55526,55490,
177104,,55528,55490,
177105,,55515,55490,
177106,,55533,55490,
177107,,55524,55490,
177108,,55505,55490,
177109,,55506,55490,
177110,,55517,55490,
177111,,55503,55490,
177112,,55494,55490,
177113,,55514,55490,
177114,,55492,55490,
177115,,55490,55490,
177116,,55513,55490,
177117,,55509,55490,
177118,,55499,55490,
177119,,55527,55490,
177120,,55496,55490,
177121,,55511,55490,
177122,,55529,55490,
177123,,55531,55490,
177124,,55508,55490,
177125,,55497,55490,
177126,,55504,55490,
177127,,55521,55490,
177128,,55518,55490,
177129,,55500,55490,
177130,,55501,55490,
177131,,55522,55490,
177132,,55532,55490,
177133,,55512,55490,
177134,,55493,55505,
177135,,55510,55505,
177136,,55495,55505,
177137,,55502,55505,
177138,,55530,55506,
177139,,55526,55506,
177140,,55528,55506,
177141,,55515,55506,
177142,,55533,55506,
177143,,55524,55506,
177144,,55505,55506,
177145,,55506,55506,
177146,,55517,55506,
177147,,55503,55506,
177148,,55494,55506,
177149,,55514,55506,
177150,,55492,55506,
177151,,55490,55506,
177152,,55513,55506,
177153,,55509,55506,
177154,,55499,55506,
177155,,55527,55506,
177156,,55496,55506,
177157,,55511,55506,
177158,,55529,55506,
177159,,55531,55506,
177160,,55508,55506,
177161,,55497,55506,
177162,,55504,55506,
177163,,55521,55506,
177164,,55518,55506,
177165,,55500,55506,
177166,,55501,55506,
177167,,55522,55506,
177168,,55532,55506,
177169,,55512,55506,
177170,,55520,55506,
177171,,55525,55506,
177172,,55534,55506,
177173,,55507,55506,
177174,,55516,55506,
177175,,55523,55506,
177176,,55498,55506,
177177,,55491,55506,
177178,,55493,55506,
177179,,55510,55506,
177180,,55495,55506,
177181,,55502,55506,
177182,,55530,55517,
177183,,55526,55517,
177184,,55528,55517,
177185,,55497,55507,
177186,,55515,55517,
177187,,55528,55534,
177188,,55515,55534,
177189,,55533,55534,
177190,,55524,55534,
177191,,55505,55534,
177192,,55506,55534,
177193,,55517,55534,
177194,,55503,55534,
177195,,55494,55534,
177196,,55514,55534,
177197,,55492,55534,
177198,,55490,55534,
177199,,55513,55534,
177200,,55509,55534,
177201,,55499,55534,
177202,,55527,55534,
177203,,55496,55534,
177204,,55511,55534,
177205,,55529,55534,
177206,,55531,55534,
177207,,55508,55534,
177208,,55497,55534,
177209,,55504,55534,
177210,,55521,55534,
177211,,55530,55534,
177212,,55526,55534,
177213,,55506,55512,
177214,,55517,55512,
177215,,55503,55512,
177216,,55494,55512,
177217,,55514,55512,
177218,,55492,55512,
177219,,55490,55512,
177220,,55513,55512,
177221,,55509,55512,
177222,,55499,55512,
177223,,55527,55512,
177224,,55496,55512,
177225,,55511,55512,
177226,,55529,55512,
177227,,55531,55512,
177228,,55508,55512,
177229,,55497,55512,
177230,,55522,55512,
177231,,55532,55512,
177232,,55525,55512,
177233,,55499,55525,
177234,,55508,55528,
177235,,55497,55528,
177236,,55504,55528,
177237,,55521,55528,
177238,,55518,55528,
177239,,55500,55528,
177240,,55501,55528,
177241,,55522,55528,
177242,,55532,55528,
177243,,55512,55528,
177244,,55520,55528,
177245,,55525,55528,
177246,,55534,55528,
177247,,55507,55528,
177248,,55516,55528,
177249,,55523,55528,
177250,,55498,55528,
177251,,55491,55528,
177252,,55493,55528,
177253,,55527,55532,
177254,,55496,55532,
177255,,55511,55532,
177256,,55529,55532,
177257,,55531,55532,
177258,,55508,55532,
177259,,55497,55532,
177260,,55504,55532,
177261,,55521,55532,
177262,,55518,55532,
177263,,55500,55532,
177264,,55501,55532,
177265,,55522,55532,
177266,,55532,55532,
177267,,55512,55532,
177268,,55520,55532,
177269,,55525,55532,
177270,,55534,55532,
177271,,55507,55532,
177272,,55516,55532,
177273,,55523,55532,
177274,,55498,55532,
177275,,55491,55532,
177276,,55493,55532,
177277,,55510,55532,
177278,,55495,55532,
177279,,55502,55532,
177280,,55530,55512,
177281,,55526,55512,
177282,,55528,55512,
177283,,55515,55512,
177284,,55533,55512,
177285,,55524,55512,
177286,,55505,55512,
177287,,55504,55512,
177288,,55521,55512,
177289,,55518,55512,
177290,,55500,55512,
177291,,55501,55512,
177292,,55512,55512,
177293,,55520,55512,
177294,,55534,55512,
177295,,55507,55512,
177296,,55516,55512,
177297,,55523,55512,
177298,,55498,55512,
177299,,55491,55512,
177300,,55493,55512,
177301,,55510,55512,
177302,,55495,55512,
177303,,55502,55512,
177304,,55530,55520,
177305,,55526,55520,
177306,,55528,55520,
177307,,55515,55520,
177308,,55533,55520,
177309,,55524,55520,
177310,,55505,55520,
177311,,55506,55520,
177312,,55517,55520,
177313,,55503,55520,
177314,,55494,55520,
177315,,55514,55520,
177316,,55492,55520,
177317,,55490,55520,
177318,,55513,55520,
177319,,55509,55520,
177320,,55499,55520,
177321,,55527,55520,
177322,,55496,55520,
177323,,55511,55520,
177324,,55529,55520,
177325,,55531,55520,
177326,,55508,55520,
177327,,55497,55520,
177328,,55504,55520,
177329,,55518,55527,
177330,,55521,55520,
177331,,55518,55520,
177332,,55500,55520,
177333,,55501,55520,
177334,,55522,55520,
177335,,55532,55520,
177336,,55512,55520,
177337,,55520,55520,
177338,,55525,55520,
177339,,55534,55520,
177340,,55507,55520,
177341,,55516,55520,
177342,,55523,55520,
177343,,55498,55520,
177344,,55491,55520,
177345,,55493,55520,
177346,,55510,55520,
177347,,55514,55523,
177348,,55492,55523,
177349,,55490,55523,
177350,,55513,55523,
177351,,55509,55523,
177352,,55499,55523,
177353,,55527,55523,
177354,,55496,55523,
177355,,55511,55523,
177356,,55529,55523,
177357,,55531,55523,
177358,,55508,55523,
177359,,55497,55523,
177360,,55504,55523,
177361,,55521,55523,
177362,,55518,55523,
177363,,55500,55523,
177364,,55501,55523,
177365,,55522,55523,
177366,,55532,55523,
177367,,55512,55523,
177368,,55526,55525,
177369,,55520,55523,
177370,,55525,55523,
177371,,55534,55523,
177372,,55507,55523,
177373,,55516,55523,
177374,,55523,55523,
177375,,55498,55523,
177376,,55491,55523,
177377,,55493,55523,
177378,,55510,55523,
177379,,55495,55523,
177380,,55502,55523,
177381,,55530,55498,
177382,,55526,55498,
177383,,55528,55498,
177384,,55515,55498,
177385,,55533,55498,
177386,,55524,55498,
177387,,55505,55498,
177388,,55506,55498,
177389,,55517,55498,
177390,,55503,55498,
177391,,55494,55498,
177392,,55514,55498,
177393,,55492,55498,
177394,,55490,55498,
177395,,55513,55498,
177396,,55509,55498,
177397,,55499,55498,
177398,,55527,55498,
177399,,55496,55498,
177400,,55511,55498,
177401,,55529,55498,
177402,,55531,55498,
177403,,55508,55498,
177404,,55497,55498,
177405,,55504,55498,
177406,,55521,55498,
177407,,55518,55498,
177408,,55500,55498,
177409,,55501,55498,
177410,,55522,55498,
177411,,55532,55498,
177412,,55512,55498,
177413,,55520,55498,
177414,,55525,55498,
177415,,55534,55498,
177416,,55507,55498,
177417,,55516,55498,
177418,,55523,55498,
177419,,55498,55498,
177420,,55495,55500,
177421,,55493,55498,
177422,,55510,55498,
177423,,55495,55498,
177424,,55502,55498,
177425,,55530,55491,
177426,,55526,55491,
177427,,55528,55491,
177428,,55515,55491,
177429,,55533,55491,
177430,,55524,55491,
177431,,55505,55491,
177432,,55506,55491,
177433,,55517,55491,
177434,,55503,55491,
177435,,55494,55491,
177436,,55514,55491,
177437,,55492,55491,
177438,,55490,55491,
177439,,55513,55491,
177440,,55509,55491,
177441,,55499,55491,
177442,,55527,55491,
177443,,55496,55491,
177444,,55511,55491,
177445,,55529,55491,
177446,,55531,55491,
177447,,55508,55491,
177448,,55497,55491,
177449,,55504,55491,
177450,,55521,55491,
177451,,55518,55491,
177452,,55500,55491,
177453,,55501,55491,
177454,,55522,55491,
177455,,55532,55491,
177456,,55512,55491,
177457,,55520,55491,
177458,,55525,55491,
177459,,55534,55491,
177460,,55507,55491,
177461,,55516,55491,
177462,,55523,55491,
177463,,55498,55491,
177464,,55491,55491,
177465,,55493,55491,
177466,,55510,55491,
177467,,55495,55491,
177468,,55502,55491,
177469,,55530,55493,
177470,,55526,55493,
177471,,55528,55493,
177472,,55515,55493,
177473,,55533,55493,
177474,,55524,55493,
177475,,55505,55493,
177476,,55506,55493,
177477,,55517,55493,
177478,,55503,55493,
177479,,55494,55493,
177480,,55514,55493,
177481,,55492,55493,
177482,,55490,55493,
177483,,55513,55493,
177484,,55509,55493,
177485,,55499,55493,
177486,,55527,55493,
177487,,55496,55493,
177488,,55511,55493,
177489,,55529,55493,
177490,,55531,55493,
177491,,55508,55493,
177492,,55497,55493,
177493,,55504,55493,
177494,,55521,55493,
177495,,55518,55493,
177496,,55500,55493,
177497,,55501,55493,
177498,,55522,55493,
177499,,55532,55493,
177500,,55512,55493,
177501,,55520,55493,
177502,,55525,55493,
177503,,55534,55493,
177504,,55507,55493,
177505,,55516,55493,
177506,,55523,55493,
177507,,55498,55493,
177508,,55491,55493,
177509,,55493,55493,
177510,,55510,55493,
177511,,55495,55493,
177512,,55502,55493,
177513,,55530,55510,
177514,,55526,55510,
177515,,55528,55510,
177516,,55515,55510,
177517,,55533,55510,
177518,,55524,55510,
177519,,55505,55510,
177520,,55506,55510,
177521,,55517,55510,
177522,,55503,55510,
177523,,55494,55510,
177524,,55514,55510,
177525,,55492,55510,
177526,,55490,55510,
177527,,55513,55510,
177528,,55509,55510,
177529,,55499,55510,
177530,,55527,55510,
177531,,55496,55510,
177532,,55511,55510,
177533,,55529,55510,
177534,,55531,55510,
177535,,55508,55510,
177536,,55497,55510,
177537,,55504,55510,
177538,,55521,55510,
177539,,55518,55510,
177540,,55500,55510,
177541,,55501,55510,
177542,,55522,55510,
177543,,55532,55510,
177544,,55512,55510,
177545,,55520,55510,
177546,,55525,55510,
177547,,55534,55510,
177548,,55507,55510,
177549,,55516,55510,
177550,,55523,55510,
177551,,55498,55510,
177552,,55533,55517,
177553,,55524,55517,
177554,,55505,55517,
177555,,55506,55517,
177556,,55517,55517,
177557,,55503,55517,
177558,,55494,55517,
177559,,55514,55517,
177560,,55492,55517,
177561,,55490,55517,
177562,,55513,55517,
177563,,55509,55517,
177564,,55499,55517,
177565,,55527,55517,
177566,,55496,55517,
177567,,55511,55517,
177568,,55529,55517,
177569,,55531,55517,
177570,,55508,55517,
177571,,55497,55517,
177572,,55504,55517,
177573,,55521,55517,
177574,,55518,55517,
177575,,55500,55517,
177576,,55501,55517,
177577,,55522,55517,
177578,,55532,55517,
177579,,55512,55517,
177580,,55520,55517,
177581,,55525,55517,
177582,,55534,55517,
177583,,55507,55517,
177584,,55516,55517,
177585,,55523,55517,
177586,,55498,55517,
177587,,55491,55517,
177588,,55493,55517,
177589,,55510,55517,
177590,,55495,55517,
177591,,55502,55517,
177592,,55530,55503,
177593,,55526,55503,
177594,,55528,55503,
177595,,55515,55503,
177596,,55533,55503,
177597,,55524,55503,
177598,,55505,55503,
177599,,55506,55503,
177600,,55517,55503,
177601,,55503,55503,
177602,,55494,55503,
177603,,55514,55503,
177604,,55492,55503,
177605,,55490,55503,
177606,,55513,55503,
177607,,55509,55503,
177608,,55499,55503,
177609,,55527,55503,
177610,,55496,55503,
177611,,55511,55503,
177612,,55529,55503,
177613,,55531,55503,
177614,,55508,55503,
177615,,55497,55503,
177616,,55504,55503,
177617,,55521,55503,
177618,,55518,55503,
177619,,55500,55503,
177620,,55501,55503,
177621,,55522,55503,
177622,,55532,55503,
177623,,55512,55503,
177624,,55520,55503,
177625,,55525,55503,
177626,,55534,55503,
177627,,55507,55503,
177628,,55516,55503,
177629,,55523,55503,
177630,,55498,55503,
177631,,55491,55503,
177632,,55493,55503,
177633,,55510,55503,
177634,,55495,55503,
177635,,55510,55497,
177636,,55495,55497,
177637,,55502,55497,
177638,,55530,55504,
177639,,55526,55504,
177640,,55528,55504,
177641,,55515,55504,
177642,,55533,55504,
177643,,55524,55504,
177644,,55505,55504,
177645,,55506,55504,
177646,,55517,55504,
177647,,55503,55504,
177648,,55494,55504,
177649,,55514,55504,
177650,,55492,55504,
177651,,55490,55504,
177652,,55513,55504,
177653,,55509,55504,
177654,,55499,55504,
177655,,55527,55504,
177656,,55496,55504,
177657,,55511,55504,
177658,,55529,55504,
177659,,55531,55504,
177660,,55508,55504,
177661,,55497,55504,
177662,,55504,55504,
177663,,55521,55504,
177664,,55518,55504,
177665,,55500,55504,
177666,,55501,55504,
177667,,55522,55504,
177668,,55532,55504,
177669,,55512,55504,
177670,,55520,55504,
177671,,55525,55504,
177672,,55534,55504,
177673,,55507,55504,
177674,,55516,55504,
177675,,55523,55504,
177676,,55498,55504,
177677,,55491,55504,
177678,,55493,55504,
177679,,55510,55504,
177680,,55495,55504,
177681,,55502,55504,
177682,,55530,55521,
177683,,55526,55521,
177684,,55528,55521,
177685,,55515,55521,
177686,,55533,55521,
177687,,55524,55521,
177688,,55505,55521,
177689,,55506,55521,
177690,,55517,55521,
177691,,55503,55521,
177692,,55494,55521,
177693,,55514,55521,
177694,,55492,55521,
177695,,55490,55521,
177696,,55513,55521,
177697,,55509,55521,
177698,,55499,55521,
177699,,55527,55521,
177700,,55496,55521,
177701,,55511,55521,
177702,,55529,55521,
177703,,55531,55521,
177704,,55520,55490,
177705,,55525,55490,
177706,,55534,55490,
177707,,55507,55490,
177708,,55516,55490,
177709,,55523,55490,
177710,,55498,55490,
177711,,55491,55490,
177712,,55493,55490,
177713,,55510,55490,
177714,,55495,55490,
177715,,55502,55490,
177716,,55530,55513,
177717,,55526,55513,
177718,,55528,55513,
177719,,55515,55513,
177720,,55533,55513,
177721,,55524,55513,
177722,,55505,55513,
177723,,55506,55513,
177724,,55517,55513,
177725,,55503,55513,
177726,,55494,55513,
177727,,55514,55513,
177728,,55492,55513,
177729,,55490,55513,
177730,,55513,55513,
177731,,55509,55513,
177732,,55499,55513,
177733,,55527,55513,
177734,,55496,55513,
177735,,55511,55513,
177736,,55529,55513,
177737,,55531,55513,
177738,,55508,55513,
177739,,55497,55513,
177740,,55504,55513,
177741,,55521,55513,
177742,,55518,55513,
177743,,55500,55513,
177744,,55501,55513,
177745,,55522,55513,
177746,,55532,55513,
177747,,55512,55513,
177748,,55520,55513,
177749,,55525,55513,
177750,,55534,55513,
177751,,55507,55513,
177752,,55516,55513,
177753,,55523,55513,
177754,,55498,55513,
177755,,55491,55513,
177756,,55493,55513,
177757,,55510,55513,
177758,,55495,55513,
177759,,55502,55513,
177760,,55530,55509,
177761,,55526,55509,
177762,,55502,55503,
177763,,55510,55528,
177764,,55495,55528,
177765,,55499,55494,
177766,,55502,55528,
177767,,55530,55515,
177768,,55528,55509,
177769,,55515,55509,
177770,,55533,55509,
177771,,55524,55509,
177772,,55505,55509,
177773,,55506,55509,
177774,,55517,55509,
177775,,55503,55509,
177776,,55494,55509,
177777,,55514,55509,
177778,,55492,55509,
177779,,55490,55509,
177780,,55513,55509,
177781,,55509,55509,
177782,,55499,55509,
177783,,55527,55509,
177784,,55496,55509,
177785,,55511,55509,
177786,,55529,55509,
177787,,55531,55509,
177788,,55508,55509,
177789,,55497,55509,
177790,,55504,55509,
177791,,55521,55509,
177792,,55518,55509,
177793,,55500,55509,
177794,,55501,55509,
177795,,55522,55509,
177796,,55532,55509,
177797,,55512,55509,
177798,,55520,55509,
177799,,55525,55509,
177800,,55534,55509,
177801,,55507,55509,
177802,,55516,55509,
177803,,55523,55509,
177804,,55498,55509,
177805,,55493,55509,
177806,,55510,55509,
177807,,55495,55509,
177808,,55533,55499,
177809,,55529,55528,
177810,,55531,55528,
177811,,55524,55499,
177812,,55505,55499,
177813,,55506,55499,
177814,,55517,55499,
177815,,55503,55499,
177816,,55494,55499,
177817,,55514,55499,
177818,,55492,55499,
177819,,55490,55499,
177820,,55513,55499,
177821,,55509,55499,
177822,,55499,55499,
177823,,55527,55499,
177824,,55496,55499,
177825,,55511,55499,
177826,,55529,55499,
177827,,55531,55499,
177828,,55508,55499,
177829,,55497,55499,
177830,,55504,55499,
177831,,55521,55499,
177832,,55518,55499,
177833,,55500,55499,
177834,,55501,55499,
177835,,55522,55499,
177836,,55504,55507,
177837,,55521,55507,
177838,,55518,55507,
177839,,55500,55507,
177840,,55501,55507,
177841,,55522,55507,
177842,,55532,55507,
177843,,55512,55507,
177844,,55520,55507,
177845,,55525,55507,
177846,,55534,55507,
177847,,55507,55507,
177848,,55516,55507,
177849,,55523,55507,
177850,,55498,55507,
177851,,55491,55507,
177852,,55493,55507,
177853,,55510,55507,
177854,,55495,55507,
177855,,55502,55507,
177856,,55530,55516,
177857,,55526,55516,
177858,,55528,55516,
177859,,55515,55516,
177860,,55533,55516,
177861,,55524,55516,
177862,,55505,55516,
177863,,55506,55516,
177864,,55517,55516,
177865,,55503,55516,
177866,,55494,55516,
177867,,55514,55516,
177868,,55492,55516,
177869,,55490,55516,
178668,,55514,55495,
177870,,55513,55516,
177871,,55509,55516,
177872,,55499,55516,
177873,,55527,55516,
177874,,55496,55516,
177875,,55511,55516,
177876,,55529,55516,
177877,,55531,55516,
177878,,55508,55516,
177879,,55497,55516,
177880,,55504,55516,
177881,,55521,55516,
177882,,55518,55516,
177883,,55500,55516,
177884,,55501,55516,
177885,,55522,55516,
177886,,55532,55516,
177887,,55512,55516,
177888,,55520,55516,
177889,,55525,55516,
177890,,55534,55516,
177891,,55507,55516,
177892,,55516,55516,
177893,,55523,55516,
177894,,55498,55516,
177895,,55491,55516,
177896,,55493,55516,
177897,,55510,55516,
177898,,55495,55516,
177899,,55502,55516,
177900,,55530,55523,
177901,,55526,55523,
177902,,55528,55523,
177903,,55515,55523,
177904,,55533,55523,
177905,,55524,55523,
177906,,55505,55523,
177907,,55506,55523,
177908,,55517,55523,
177909,,55503,55523,
177910,,55494,55523,
177911,,55491,55510,
177912,,55493,55510,
177913,,55510,55510,
177914,,55495,55510,
177915,,55502,55510,
177916,,55530,55495,
177917,,55524,55495,
177918,,55506,55495,
177919,,55517,55495,
177920,,55529,55495,
177921,,55531,55495,
177922,,55508,55495,
177923,,55497,55495,
177924,,55504,55495,
177925,,55521,55495,
177926,,55518,55495,
177927,,55500,55495,
177928,,55501,55495,
177929,,55522,55495,
177930,,55532,55495,
177931,,55512,55495,
177932,,55520,55495,
177933,,55507,55495,
177934,,55516,55495,
177935,,55523,55495,
177936,,55498,55495,
177937,,55491,55495,
177938,,55493,55495,
178669,,55492,55495,
178670,,55490,55495,
178671,,55513,55495,
178672,,55509,55495,
178673,,55499,55495,
178674,,55527,55495,
178675,,55496,55495,
178676,,55511,55495,
178677,,55503,55529,
178678,,55494,55529,
178679,,55514,55529,
178680,,55492,55529,
178681,,55490,55529,
178682,,55513,55529,
178683,,55509,55529,
178684,,55499,55529,
178685,,55527,55529,
178686,,55496,55529,
178687,,55491,55509,
178688,,55502,55509,
178689,,55530,55499,
178690,,55526,55499,
178691,,55528,55499,
178692,,55515,55499,
178693,,55530,55527,
178694,,55526,55527,
178695,,55528,55527,
178696,,55515,55527,
178697,,55533,55527,
178698,,55524,55527,
178699,,55505,55527,
178700,,55506,55527,
178701,,55517,55527,
178702,,55503,55527,
178703,,55494,55527,
178704,,55514,55527,
178705,,55506,55500,
178706,,55517,55500,
178707,,55503,55500,
178708,,55494,55500,
178709,,55514,55500,
178710,,55492,55500,
178711,,55490,55500,
178712,,55513,55500,
178713,,55509,55500,
178714,,55499,55500,
178715,,55527,55500,
178716,,55496,55500,
178717,,55511,55500,
178718,,55529,55500,
178719,,55531,55500,
178720,,55508,55500,
178721,,55497,55500,