fare_id,price,currency_type,payment_method,transfers,transfer_duration
177939,1.95,USD,1,0,
178722,6.55,USD,1,0,
178723,7.00,USD,1,0,
178724,6.45,USD,1,0,
178725,5.75,USD,1,0,
178726,6.25,USD,1,0,
178727,5.85,USD,1,0,
178728,5.70,USD,1,0,
178729,5.35,USD,1,0,
178730,4.95,USD,1,0,
178731,4.40,USD,1,0,
178732,4.10,USD,1,0,
178733,3.60,USD,1,0,
178734,3.60,USD,1,0,
178735,3.60,USD,1,0,
178736,3.60,USD,1,0,
178737,3.45,USD,1,0,
178738,3.35,USD,1,0,
178739,3.20,USD,1,0,
178740,5.90,USD,1,0,
178741,5.95,USD,1,0,
178742,6.10,USD,1,0,
178743,6.15,USD,1,0,
178744,6.30,USD,1,0,
178745,6.05,USD,1,0,
178746,6.30,USD,1,0,
178747,10.90,USD,1,0,
178748,6.65,USD,1,0,
178749,5.75,USD,1,0,
178750,4.25,USD,1,0,
178751,4.05,USD,1,0,
178752,3.90,USD,1,0,
178753,3.70,USD,1,0,
178754,3.65,USD,1,0,
178755,3.60,USD,1,0,
178756,3.60,USD,1,0,
178757,3.65,USD,1,0,
178758,3.65,USD,1,0,
178759,3.65,USD,1,0,
178760,3.80,USD,1,0,
178761,4.00,USD,1,0,
178762,4.30,USD,1,0,
178763,4.50,USD,1,0,
178764,4.80,USD,1,0,
178765,5.10,USD,1,0,
178766,5.55,USD,1,0,
178767,5.90,USD,1,0,
178768,4.80,USD,1,0,
178769,5.90,USD,1,0,
178770,1.95,USD,1,0,
178771,1.95,USD,1,0,
178772,5.85,USD,1,0,
178773,1.95,USD,1,0,
178774,5.75,USD,1,0,
178775,1.95,USD,1,0,
178776,2.50,USD,1,0,
178777,2.50,USD,1,0,
178778,2.50,USD,1,0,
178779,1.95,USD,1,0,
178780,1.95,USD,1,0,
178781,5.75,USD,1,0,
178782,1.95,USD,1,0,
178783,1.95,USD,1,0,
178784,2.55,USD,1,0,
178785,3.25,USD,1,0,
178786,3.70,USD,1,0,
178787,1.95,USD,1,0,
178788,3.65,USD,1,0,
178789,5.40,USD,1,0,
177940,5.75,USD,1,0,
177941,3.05,USD,1,0,
177942,8.60,USD,1,0,
177943,11.45,USD,1,0,
177944,11.45,USD,1,0,
177945,11.10,USD,1,0,
177946,15.70,USD,1,0,
177947,10.85,USD,1,0,
177948,9.80,USD,1,0,
177949,11.10,USD,1,0,
177950,15.70,USD,1,0,
177951,10.85,USD,1,0,
177952,9.80,USD,1,0,
177953,9.20,USD,1,0,
177954,9.05,USD,1,0,
177955,8.75,USD,1,0,
177956,8.60,USD,1,0,
177957,9.20,USD,1,0,
177958,9.05,USD,1,0,
177959,8.75,USD,1,0,
177960,9.40,USD,1,0,
177961,9.40,USD,1,0,
177962,8.45,USD,1,0,
177963,8.45,USD,1,0,
177964,7.95,USD,1,0,
177965,7.95,USD,1,0,
177966,9.95,USD,1,0,
177967,8.55,USD,1,0,
177968,8.25,USD,1,0,
177969,7.95,USD,1,0,
177970,7.95,USD,1,0,
177971,9.95,USD,1,0,
177972,8.55,USD,1,0,
177973,8.25,USD,1,0,
177974,9.00,USD,1,0,
177975,9.65,USD,1,0,
177976,9.00,USD,1,0,
177977,9.65,USD,1,0,
177978,8.55,USD,1,0,
177979,10.65,USD,1,0,
177980,10.40,USD,1,0,
177981,9.95,USD,1,0,
177982,9.45,USD,1,0,
177983,10.60,USD,1,0,
177984,8.55,USD,1,0,
177985,10.65,USD,1,0,
177986,10.40,USD,1,0,
177987,9.95,USD,1,0,
177988,9.45,USD,1,0,
177989,10.60,USD,1,0,
177990,9.10,USD,1,0,
177991,11.10,USD,1,0,
177992,10.00,USD,1,0,
177993,8.30,USD,1,0,
177994,9.85,USD,1,0,
177995,9.10,USD,1,0,
177996,11.10,USD,1,0,
177997,10.00,USD,1,0,
177998,8.30,USD,1,0,
177999,9.85,USD,1,0,
178000,10.30,USD,1,0,
178001,10.35,USD,1,0,
178002,10.55,USD,1,0,
178003,7.95,USD,1,0,
178004,10.20,USD,1,0,
178005,6.00,USD,1,0,
178006,10.70,USD,1,0,
178007,10.20,USD,1,0,
178008,7.95,USD,1,0,
178009,10.45,USD,1,0,
178010,7.95,USD,1,0,
178011,10.20,USD,1,0,
178012,10.30,USD,1,0,
178013,10.35,USD,1,0,
178014,10.55,USD,1,0,
178015,7.95,USD,1,0,
178016,10.20,USD,1,0,
178017,6.00,USD,1,0,
178018,10.70,USD,1,0,
178019,10.20,USD,1,0,
178020,7.95,USD,1,0,
178021,10.45,USD,1,0,
178022,7.95,USD,1,0,
178023,10.20,USD,1,0,
178024,10.20,USD,1,0,
178025,8.15,USD,1,0,
178026,10.20,USD,1,0,
178027,8.15,USD,1,0,
178028,5.75,USD,1,0,
178029,7.95,USD,1,0,
178030,7.95,USD,1,0,
178031,3.20,USD,1,0,
178032,3.20,USD,1,0,
178033,8.15,USD,1,0,
178034,3.95,USD,1,0,
178035,6.45,USD,1,0,
178036,5.15,USD,1,0,
178037,4.30,USD,1,0,
178038,3.95,USD,1,0,
178039,4.90,USD,1,0,
178040,4.75,USD,1,0,
178041,4.60,USD,1,0,
178042,4.85,USD,1,0,
178043,9.45,USD,1,0,
178044,5.15,USD,1,0,
178045,4.45,USD,1,0,
178046,1.95,USD,1,0,
178047,1.95,USD,1,0,
178048,1.95,USD,1,0,
178049,1.95,USD,1,0,
178050,1.95,USD,1,0,
178051,5.75,USD,1,0,
178052,1.95,USD,1,0,
178053,1.95,USD,1,0,
178054,1.95,USD,1,0,
178055,1.95,USD,1,0,
178056,2.15,USD,1,0,
178057,2.90,USD,1,0,
178058,3.25,USD,1,0,
178059,3.50,USD,1,0,
178060,3.80,USD,1,0,
178061,4.30,USD,1,0,
178062,4.65,USD,1,0,
178063,3.50,USD,1,0,
178064,4.65,USD,1,0,
178065,4.75,USD,1,0,
178066,4.20,USD,1,0,
178067,4.40,USD,1,0,
178068,4.00,USD,1,0,
178069,3.60,USD,1,0,
178070,3.45,USD,1,0,
178071,2.95,USD,1,0,
178072,2.35,USD,1,0,
178073,1.95,USD,1,0,
178074,1.95,USD,1,0,
178075,3.85,USD,1,0,
178076,3.85,USD,1,0,
178077,3.85,USD,1,0,
178078,3.85,USD,1,0,
178079,4.05,USD,1,0,
178080,4.10,USD,1,0,
178081,4.25,USD,1,0,
178082,4.30,USD,1,0,
178083,4.45,USD,1,0,
178084,4.45,USD,1,0,
178085,4.75,USD,1,0,
178086,9.35,USD,1,0,
178087,5.05,USD,1,0,
178088,4.35,USD,1,0,
178089,2.70,USD,1,0,
178090,2.35,USD,1,0,
178091,2.05,USD,1,0,
178092,1.95,USD,1,0,
178093,1.95,USD,1,0,
178094,1.95,USD,1,0,
178095,5.75,USD,1,0,
178096,1.95,USD,1,0,
178097,1.95,USD,1,0,
178098,1.95,USD,1,0,
178099,1.95,USD,1,0,
178100,2.25,USD,1,0,
178101,2.70,USD,1,0,
178102,3.05,USD,1,0,
178103,3.40,USD,1,0,
178104,3.70,USD,1,0,
178105,4.15,USD,1,0,
178106,4.50,USD,1,0,
178107,3.40,USD,1,0,
178108,4.50,USD,1,0,
178109,4.75,USD,1,0,
178110,4.20,USD,1,0,
178111,4.30,USD,1,0,
178112,4.00,USD,1,0,
178113,3.60,USD,1,0,
178114,3.45,USD,1,0,
178115,2.90,USD,1,0,
178116,1.95,USD,1,0,
178117,1.95,USD,1,0,
178118,1.95,USD,1,0,
178119,3.65,USD,1,0,
178120,3.65,USD,1,0,
178121,3.65,USD,1,0,
178122,3.65,USD,1,0,
178123,3.80,USD,1,0,
178124,3.90,USD,1,0,
178125,4.10,USD,1,0,
178126,4.20,USD,1,0,
178127,4.30,USD,1,0,
178128,4.35,USD,1,0,
178129,4.65,USD,1,0,
178130,4.85,USD,1,0,
178131,4.55,USD,1,0,
178132,1.95,USD,1,0,
178133,4.30,USD,1,0,
178134,4.30,USD,1,0,
178135,4.30,USD,1,0,
178136,4.15,USD,1,0,
178137,4.05,USD,1,0,
178138,3.80,USD,1,0,
178139,3.65,USD,1,0,
178140,3.20,USD,1,0,
178141,7.65,USD,1,0,
178142,7.65,USD,1,0,
178143,5.75,USD,1,0,
178144,4.40,USD,1,0,
178145,11.45,USD,1,0,
178146,10.15,USD,1,0,
178147,9.95,USD,1,0,
178148,9.80,USD,1,0,
178149,9.60,USD,1,0,
178150,9.55,USD,1,0,
178151,9.45,USD,1,0,
178152,9.35,USD,1,0,
178153,9.25,USD,1,0,
178154,9.25,USD,1,0,
178155,9.25,USD,1,0,
178156,9.50,USD,1,0,
178157,9.70,USD,1,0,
178158,10.00,USD,1,0,
178159,10.25,USD,1,0,
178160,10.55,USD,1,0,
178161,3.85,USD,1,0,
178162,3.45,USD,1,0,
178163,3.10,USD,1,0,
178164,2.30,USD,1,0,
178165,2.15,USD,1,0,
178166,4.20,USD,1,0,
178167,4.20,USD,1,0,
178168,4.20,USD,1,0,
178169,4.20,USD,1,0,
178170,4.30,USD,1,0,
178171,4.35,USD,1,0,
178172,4.45,USD,1,0,
178173,4.55,USD,1,0,
178174,4.70,USD,1,0,
178175,3.40,USD,1,0,
178176,3.40,USD,1,0,
178177,5.00,USD,1,0,
178178,5.00,USD,1,0,
178179,5.00,USD,1,0,
178180,5.00,USD,1,0,
178181,5.10,USD,1,0,
178182,5.15,USD,1,0,
178183,5.30,USD,1,0,
178184,5.35,USD,1,0,
178185,5.50,USD,1,0,
178186,3.20,USD,1,0,
178187,4.40,USD,1,0,
178188,5.75,USD,1,0,
178189,7.15,USD,1,0,
178190,5.90,USD,1,0,
178191,5.65,USD,1,0,
178192,5.50,USD,1,0,
178193,5.30,USD,1,0,
178194,5.25,USD,1,0,
178195,5.15,USD,1,0,
178196,5.05,USD,1,0,
178197,4.95,USD,1,0,
178198,4.95,USD,1,0,
178199,4.95,USD,1,0,
178200,5.25,USD,1,0,
178201,5.45,USD,1,0,
178202,5.70,USD,1,0,
178203,5.95,USD,1,0,
178204,6.25,USD,1,0,
178205,6.55,USD,1,0,
178206,7.00,USD,1,0,
178207,7.35,USD,1,0,
178208,6.25,USD,1,0,
178209,7.35,USD,1,0,
178210,7.75,USD,1,0,
178211,7.25,USD,1,0,
178212,3.75,USD,1,0,
178213,7.05,USD,1,0,
178214,6.65,USD,1,0,
178215,6.50,USD,1,0,
178216,6.10,USD,1,0,
178217,5.75,USD,1,0,
178218,5.20,USD,1,0,
178219,4.90,USD,1,0,
178220,4.65,USD,1,0,
178221,4.65,USD,1,0,
178222,4.65,USD,1,0,
178223,4.65,USD,1,0,
178224,4.60,USD,1,0,
178225,4.55,USD,1,0,
178226,4.30,USD,1,0,
178227,4.15,USD,1,0,
178228,3.95,USD,1,0,
178229,6.60,USD,1,0,
178230,6.85,USD,1,0,
178231,11.45,USD,1,0,
178232,7.15,USD,1,0,
178233,5.75,USD,1,0,
178234,5.15,USD,1,0,
178235,4.95,USD,1,0,
178236,4.80,USD,1,0,
178237,4.60,USD,1,0,
178238,4.55,USD,1,0,
178239,4.45,USD,1,0,
178240,4.35,USD,1,0,
178241,4.25,USD,1,0,
178242,4.25,USD,1,0,
178243,4.25,USD,1,0,
178244,4.00,USD,1,0,
178245,3.80,USD,1,0,
178246,3.50,USD,1,0,
178247,1.95,USD,1,0,
178248,3.55,USD,1,0,
178249,3.85,USD,1,0,
178250,4.30,USD,1,0,
178251,4.65,USD,1,0,
178252,1.95,USD,1,0,
178253,1.95,USD,1,0,
178254,6.85,USD,1,0,
178255,8.40,USD,1,0,
178256,6.50,USD,1,0,
178257,5.40,USD,1,0,
178258,6.50,USD,1,0,
178259,1.95,USD,1,0,
178260,5.75,USD,1,0,
178261,6.45,USD,1,0,
178262,1.95,USD,1,0,
178263,1.95,USD,1,0,
178264,1.95,USD,1,0,
178265,3.05,USD,1,0,
178266,3.55,USD,1,0,
178267,4.10,USD,1,0,
178268,4.40,USD,1,0,
178269,6.00,USD,1,0,
178270,6.00,USD,1,0,
178271,6.00,USD,1,0,
178272,6.00,USD,1,0,
178273,6.10,USD,1,0,
178274,6.15,USD,1,0,
178275,6.30,USD,1,0,
178276,6.35,USD,1,0,
178277,6.50,USD,1,0,
178278,3.20,USD,1,0,
178279,3.20,USD,1,0,
178280,7.95,USD,1,0,
178281,3.75,USD,1,0,
178282,6.40,USD,1,0,
178283,5.10,USD,1,0,
178284,4.90,USD,1,0,
178285,6.35,USD,1,0,
178286,6.40,USD,1,0,
178287,6.15,USD,1,0,
178288,5.75,USD,1,0,
178289,5.60,USD,1,0,
178290,5.20,USD,1,0,
178291,4.85,USD,1,0,
178292,4.35,USD,1,0,
178293,4.35,USD,1,0,
178294,5.95,USD,1,0,
178295,5.95,USD,1,0,
178296,5.95,USD,1,0,
178297,5.95,USD,1,0,
178298,6.05,USD,1,0,
178299,6.10,USD,1,0,
178300,6.25,USD,1,0,
178301,6.30,USD,1,0,
178302,6.45,USD,1,0,
178303,5.30,USD,1,0,
178304,5.55,USD,1,0,
178305,10.15,USD,1,0,
178306,5.90,USD,1,0,
178307,5.15,USD,1,0,
178308,5.75,USD,1,0,
178309,1.95,USD,1,0,
178310,1.95,USD,1,0,
178311,1.95,USD,1,0,
178312,1.95,USD,1,0,
178313,1.95,USD,1,0,
178314,2.70,USD,1,0,
178315,2.90,USD,1,0,
178316,2.90,USD,1,0,
178317,2.90,USD,1,0,
178318,3.20,USD,1,0,
178319,3.40,USD,1,0,
178320,3.70,USD,1,0,
178321,3.95,USD,1,0,
178322,4.20,USD,1,0,
178323,4.50,USD,1,0,
178324,5.00,USD,1,0,
178325,5.35,USD,1,0,
178326,4.20,USD,1,0,
178327,5.30,USD,1,0,
178328,5.35,USD,1,0,
178329,4.85,USD,1,0,
178330,5.10,USD,1,0,
178331,4.65,USD,1,0,
178332,4.25,USD,1,0,
178333,4.10,USD,1,0,
178334,3.75,USD,1,0,
178335,3.35,USD,1,0,
178336,2.70,USD,1,0,
178337,3.05,USD,1,0,
178338,4.65,USD,1,0,
178339,4.65,USD,1,0,
178340,4.65,USD,1,0,
178341,4.65,USD,1,0,
178342,4.75,USD,1,0,
178343,4.80,USD,1,0,
178344,4.95,USD,1,0,
178345,5.00,USD,1,0,
178346,5.15,USD,1,0,
178347,5.10,USD,1,0,
178348,5.35,USD,1,0,
178349,9.95,USD,1,0,
178350,5.65,USD,1,0,
178351,4.95,USD,1,0,
178352,1.95,USD,1,0,
178353,5.75,USD,1,0,
178354,1.95,USD,1,0,
178355,1.95,USD,1,0,
178356,1.95,USD,1,0,
178357,1.95,USD,1,0,
178358,2.35,USD,1,0,
178359,2.55,USD,1,0,
178360,2.55,USD,1,0,
178361,2.55,USD,1,0,
178362,3.00,USD,1,0,
178363,3.20,USD,1,0,
178364,3.50,USD,1,0,
178365,3.70,USD,1,0,
178366,4.00,USD,1,0,
178367,4.30,USD,1,0,
178368,4.55,USD,1,0,
178369,4.50,USD,1,0,
178370,4.45,USD,1,0,
178371,4.30,USD,1,0,
178372,4.20,USD,1,0,
178373,4.20,USD,1,0,
178374,4.20,USD,1,0,
178375,4.50,USD,1,0,
178376,4.70,USD,1,0,
178377,4.95,USD,1,0,
178378,5.20,USD,1,0,
178379,5.50,USD,1,0,
178380,5.80,USD,1,0,
178381,6.25,USD,1,0,
178382,6.60,USD,1,0,
178383,5.50,USD,1,0,
178384,6.60,USD,1,0,
178385,7.00,USD,1,0,
178386,6.50,USD,1,0,
178387,3.20,USD,1,0,
178388,6.30,USD,1,0,
178389,5.90,USD,1,0,
176765,4.95,USD,1,0,
176766,4.70,USD,1,0,
176767,4.30,USD,1,0,
176768,4.10,USD,1,0,
176769,3.80,USD,1,0,
176770,3.40,USD,1,0,
176771,2.75,USD,1,0,
176772,2.65,USD,1,0,
176773,4.50,USD,1,0,
176774,4.50,USD,1,0,
176775,4.50,USD,1,0,
176776,4.50,USD,1,0,
176777,4.60,USD,1,0,
176778,4.65,USD,1,0,
176779,4.80,USD,1,0,
176780,4.85,USD,1,0,
176781,4.95,USD,1,0,
176782,5.35,USD,1,0,
176783,5.65,USD,1,0,
176784,10.25,USD,1,0,
176785,5.95,USD,1,0,
178390,5.75,USD,1,0,
178391,5.35,USD,1,0,
178392,5.00,USD,1,0,
178393,4.45,USD,1,0,
178394,4.15,USD,1,0,
178395,3.25,USD,1,0,
178396,3.25,USD,1,0,
178397,3.25,USD,1,0,
178398,3.25,USD,1,0,
178399,10.80,USD,1,0,
178400,6.55,USD,1,0,
178401,3.85,USD,1,0,
178402,4.50,USD,1,0,
178403,4.30,USD,1,0,
178404,4.15,USD,1,0,
178405,3.95,USD,1,0,
178406,1.95,USD,1,0,
178407,5.75,USD,1,0,
178408,1.95,USD,1,0,
178409,1.95,USD,1,0,
178410,2.60,USD,1,0,
178411,4.00,USD,1,0,
178412,6.20,USD,1,0,
178413,5.95,USD,1,0,
178414,6.20,USD,1,0,
178415,5.70,USD,1,0,
178416,5.75,USD,1,0,
178417,5.50,USD,1,0,
178418,5.10,USD,1,0,
178419,4.95,USD,1,0,
178420,4.60,USD,1,0,
178421,4.20,USD,1,0,
178422,3.70,USD,1,0,
178423,3.70,USD,1,0,
178424,5.30,USD,1,0,
178425,5.30,USD,1,0,
178426,5.30,USD,1,0,
178427,5.30,USD,1,0,
178428,5.40,USD,1,0,
178429,5.45,USD,1,0,
178430,5.60,USD,1,0,
178431,5.65,USD,1,0,
178432,5.80,USD,1,0,
178433,6.45,USD,1,0,
178434,6.70,USD,1,0,
178435,11.30,USD,1,0,
178436,7.00,USD,1,0,
178437,4.30,USD,1,0,
178438,5.00,USD,1,0,
178439,4.80,USD,1,0,
178440,4.65,USD,1,0,
178441,4.45,USD,1,0,
178442,4.40,USD,1,0,
178443,4.30,USD,1,0,
178444,4.15,USD,1,0,
178445,4.10,USD,1,0,
178446,4.10,USD,1,0,
178447,4.10,USD,1,0,
178448,3.80,USD,1,0,
178449,3.65,USD,1,0,
178450,3.25,USD,1,0,
178451,1.95,USD,1,0,
178452,1.95,USD,1,0,
178453,1.95,USD,1,0,
178454,5.75,USD,1,0,
178455,1.95,USD,1,0,
178456,3.35,USD,1,0,
178457,4.50,USD,1,0,
178458,6.70,USD,1,0,
178459,6.20,USD,1,0,
178460,6.25,USD,1,0,
178461,6.00,USD,1,0,
178462,5.55,USD,1,0,
178463,5.40,USD,1,0,
178464,5.05,USD,1,0,
178465,4.70,USD,1,0,
178466,4.15,USD,1,0,
178467,4.20,USD,1,0,
178468,5.80,USD,1,0,
178469,5.80,USD,1,0,
178470,5.80,USD,1,0,
178471,5.80,USD,1,0,
178472,5.85,USD,1,0,
178473,5.95,USD,1,0,
178474,6.10,USD,1,0,
178475,6.15,USD,1,0,
178476,6.25,USD,1,0,
178477,6.75,USD,1,0,
178478,7.05,USD,1,0,
178479,11.65,USD,1,0,
178480,7.35,USD,1,0,
178481,4.65,USD,1,0,
178482,5.35,USD,1,0,
178483,5.15,USD,1,0,
178484,4.95,USD,1,0,
178485,4.80,USD,1,0,
178486,4.75,USD,1,0,
178487,4.65,USD,1,0,
178488,4.50,USD,1,0,
178489,4.40,USD,1,0,
178490,4.40,USD,1,0,
178491,4.40,USD,1,0,
178492,4.15,USD,1,0,
178493,4.05,USD,1,0,
178494,1.95,USD,1,0,
178495,3.05,USD,1,0,
178496,3.20,USD,1,0,
178497,6.45,USD,1,0,
178498,6.70,USD,1,0,
178499,11.30,USD,1,0,
178500,7.05,USD,1,0,
178501,6.15,USD,1,0,
178502,4.65,USD,1,0,
178503,4.45,USD,1,0,
178504,4.30,USD,1,0,
178505,4.10,USD,1,0,
178506,4.05,USD,1,0,
178507,4.00,USD,1,0,
178508,4.00,USD,1,0,
178509,4.05,USD,1,0,
178510,4.05,USD,1,0,
178511,4.05,USD,1,0,
178512,4.20,USD,1,0,
178513,4.40,USD,1,0,
178514,4.70,USD,1,0,
178515,4.90,USD,1,0,
178516,5.20,USD,1,0,
178517,5.50,USD,1,0,
178518,6.00,USD,1,0,
178519,6.30,USD,1,0,
176786,1.95,USD,1,0,
176787,3.95,USD,1,0,
176788,3.70,USD,1,0,
176789,3.55,USD,1,0,
176790,3.35,USD,1,0,
176791,3.35,USD,1,0,
176792,3.25,USD,1,0,
176793,3.05,USD,1,0,
176794,2.85,USD,1,0,
176795,2.85,USD,1,0,
176796,2.85,USD,1,0,
176797,2.40,USD,1,0,
176798,1.95,USD,1,0,
176799,1.95,USD,1,0,
176800,5.75,USD,1,0,
176801,1.95,USD,1,0,
176802,1.95,USD,1,0,
176803,1.95,USD,1,0,
176804,1.95,USD,1,0,
176805,1.95,USD,1,0,
176806,1.95,USD,1,0,
176807,5.65,USD,1,0,
176808,5.10,USD,1,0,
176809,5.20,USD,1,0,
176810,4.90,USD,1,0,
176811,4.50,USD,1,0,
176812,4.35,USD,1,0,
176813,4.00,USD,1,0,
176814,3.60,USD,1,0,
176815,3.05,USD,1,0,
176816,3.05,USD,1,0,
176817,4.75,USD,1,0,
176818,4.75,USD,1,0,
176819,4.75,USD,1,0,
176820,4.75,USD,1,0,
176821,4.80,USD,1,0,
176822,4.85,USD,1,0,
176823,5.00,USD,1,0,
176824,5.10,USD,1,0,
176825,5.20,USD,1,0,
176826,5.65,USD,1,0,
176827,5.90,USD,1,0,
176828,10.55,USD,1,0,
176829,6.25,USD,1,0,
176830,3.55,USD,1,0,
176831,4.20,USD,1,0,
176832,4.00,USD,1,0,
176833,3.85,USD,1,0,
176834,3.65,USD,1,0,
176835,3.60,USD,1,0,
176836,3.50,USD,1,0,
176837,3.40,USD,1,0,
176838,3.30,USD,1,0,
176839,3.30,USD,1,0,
176840,3.30,USD,1,0,
176841,2.85,USD,1,0,
176842,2.55,USD,1,0,
176843,1.95,USD,1,0,
176844,1.95,USD,1,0,
176845,5.75,USD,1,0,
176846,1.95,USD,1,0,
176847,1.95,USD,1,0,
176848,1.95,USD,1,0,
176849,1.95,USD,1,0,
176850,3.70,USD,1,0,
176851,5.90,USD,1,0,
176852,5.40,USD,1,0,
176853,5.45,USD,1,0,
176854,5.20,USD,1,0,
176855,4.80,USD,1,0,
176856,4.65,USD,1,0,
176857,4.30,USD,1,0,
176858,3.90,USD,1,0,
176859,1.95,USD,1,0,
176860,1.95,USD,1,0,
176861,3.45,USD,1,0,
176862,3.80,USD,1,0,
176863,5.40,USD,1,0,
176864,5.40,USD,1,0,
176865,5.40,USD,1,0,
176866,5.40,USD,1,0,
176867,5.50,USD,1,0,
176868,5.55,USD,1,0,
176869,5.70,USD,1,0,
176870,5.75,USD,1,0,
176871,5.90,USD,1,0,
176872,5.90,USD,1,0,
176873,6.15,USD,1,0,
176874,10.75,USD,1,0,
176875,6.50,USD,1,0,
176876,5.60,USD,1,0,
176877,4.10,USD,1,0,
176878,3.90,USD,1,0,
176879,3.75,USD,1,0,
176880,3.55,USD,1,0,
176881,3.50,USD,1,0,
176882,3.45,USD,1,0,
176883,3.45,USD,1,0,
176884,3.50,USD,1,0,
176885,3.50,USD,1,0,
176886,3.50,USD,1,0,
176887,3.65,USD,1,0,
176888,3.85,USD,1,0,
176889,4.85,USD,1,0,
176890,5.00,USD,1,0,
176891,4.60,USD,1,0,
176892,9.50,USD,1,0,
176893,5.20,USD,1,0,
176894,4.35,USD,1,0,
176895,2.70,USD,1,0,
176896,2.40,USD,1,0,
176897,2.10,USD,1,0,
176898,1.95,USD,1,0,
176899,1.95,USD,1,0,
176900,1.95,USD,1,0,
176901,1.95,USD,1,0,
176902,1.95,USD,1,0,
176903,1.95,USD,1,0,
176904,1.95,USD,1,0,
176905,1.95,USD,1,0,
176906,2.75,USD,1,0,
176907,3.05,USD,1,0,
176908,3.40,USD,1,0,
176909,3.70,USD,1,0,
176910,4.15,USD,1,0,
176911,4.50,USD,1,0,
176912,3.40,USD,1,0,
176913,4.50,USD,1,0,
176914,4.60,USD,1,0,
176915,4.10,USD,1,0,
176916,4.40,USD,1,0,
176917,3.90,USD,1,0,
176918,3.45,USD,1,0,
176919,3.20,USD,1,0,
176920,2.65,USD,1,0,
176921,1.95,USD,1,0,
176922,5.75,USD,1,0,
176923,1.95,USD,1,0,
176924,3.85,USD,1,0,
176925,3.85,USD,1,0,
176926,3.85,USD,1,0,
176927,3.85,USD,1,0,
176928,4.25,USD,1,0,
176929,5.95,USD,1,0,
176930,4.10,USD,1,0,
176931,4.30,USD,1,0,
176932,4.45,USD,1,0,
176933,4.40,USD,1,0,
176934,4.10,USD,1,0,
176935,4.20,USD,1,0,
176936,3.80,USD,1,0,
176937,3.60,USD,1,0,
176938,3.25,USD,1,0,
176939,2.65,USD,1,0,
176940,1.95,USD,1,0,
176941,5.75,USD,1,0,
176942,3.20,USD,1,0,
176943,3.20,USD,1,0,
176944,3.20,USD,1,0,
176945,3.20,USD,1,0,
176946,3.45,USD,1,0,
176947,3.55,USD,1,0,
176948,3.80,USD,1,0,
176949,3.95,USD,1,0,
176950,4.15,USD,1,0,
176951,3.90,USD,1,0,
176952,1.95,USD,1,0,
176953,8.95,USD,1,0,
176954,4.65,USD,1,0,
176955,5.95,USD,1,0,
176956,4.65,USD,1,0,
176957,4.45,USD,1,0,
176958,4.30,USD,1,0,
176959,4.10,USD,1,0,
176960,4.00,USD,1,0,
176961,3.85,USD,1,0,
176962,3.65,USD,1,0,
176963,3.45,USD,1,0,
176964,3.45,USD,1,0,
176965,3.45,USD,1,0,
176966,3.85,USD,1,0,
176967,4.20,USD,1,0,
176968,4.50,USD,1,0,
176969,4.75,USD,1,0,
176970,5.00,USD,1,0,
176971,5.30,USD,1,0,
176972,5.80,USD,1,0,
176973,6.15,USD,1,0,
176974,6.20,USD,1,0,
176975,6.70,USD,1,0,
176976,7.05,USD,1,0,
176977,5.90,USD,1,0,
176978,7.00,USD,1,0,
176979,7.40,USD,1,0,
176980,6.90,USD,1,0,
176981,3.20,USD,1,0,
176982,6.70,USD,1,0,
176983,6.30,USD,1,0,
176984,6.15,USD,1,0,
176985,5.80,USD,1,0,
176986,5.40,USD,1,0,
176987,3.95,USD,1,0,
176988,3.70,USD,1,0,
176989,1.95,USD,1,0,
176990,1.95,USD,1,0,
176991,1.95,USD,1,0,
176992,1.95,USD,1,0,
176993,5.75,USD,1,0,
176994,3.70,USD,1,0,
176995,4.80,USD,1,0,
176996,7.05,USD,1,0,
176997,6.50,USD,1,0,
176998,6.60,USD,1,0,
176999,6.30,USD,1,0,
177000,5.90,USD,1,0,
177001,5.75,USD,1,0,
177002,5.40,USD,1,0,
177003,5.05,USD,1,0,
177004,4.50,USD,1,0,
177005,4.50,USD,1,0,
177006,6.15,USD,1,0,
177007,6.15,USD,1,0,
177008,6.15,USD,1,0,
177009,6.15,USD,1,0,
177010,6.20,USD,1,0,
177011,6.25,USD,1,0,
177012,6.40,USD,1,0,
177013,6.50,USD,1,0,
177014,6.60,USD,1,0,
177015,5.65,USD,1,0,
177016,5.90,USD,1,0,
177017,10.50,USD,1,0,
177018,6.25,USD,1,0,
177019,1.95,USD,1,0,
177020,4.20,USD,1,0,
177021,4.00,USD,1,0,
177022,3.85,USD,1,0,
177023,3.65,USD,1,0,
177024,3.60,USD,1,0,
177025,3.50,USD,1,0,
177026,3.40,USD,1,0,
177027,3.30,USD,1,0,
177028,3.30,USD,1,0,
177029,3.30,USD,1,0,
177030,2.85,USD,1,0,
177031,2.55,USD,1,0,
177032,1.95,USD,1,0,
177033,1.95,USD,1,0,
177034,1.95,USD,1,0,
177035,2.60,USD,1,0,
177036,3.35,USD,1,0,
177037,3.70,USD,1,0,
177038,5.75,USD,1,0,
177039,1.95,USD,1,0,
177040,5.90,USD,1,0,
177041,5.40,USD,1,0,
177042,5.45,USD,1,0,
177043,5.20,USD,1,0,
177044,4.80,USD,1,0,
177045,4.65,USD,1,0,
177046,4.30,USD,1,0,
177047,3.90,USD,1,0,
177048,3.40,USD,1,0,
177049,3.40,USD,1,0,
177050,5.00,USD,1,0,
177051,5.00,USD,1,0,
177052,5.00,USD,1,0,
177053,5.00,USD,1,0,
177054,5.10,USD,1,0,
178520,5.20,USD,1,0,
178521,6.30,USD,1,0,
178522,1.95,USD,1,0,
178523,1.95,USD,1,0,
178524,6.25,USD,1,0,
178525,5.75,USD,1,0,
178526,1.95,USD,1,0,
178527,1.95,USD,1,0,
178528,1.95,USD,1,0,
178529,1.95,USD,1,0,
178530,3.90,USD,1,0,
178531,4.20,USD,1,0,
178532,5.80,USD,1,0,
178533,5.80,USD,1,0,
178534,5.80,USD,1,0,
178535,5.80,USD,1,0,
178536,6.45,USD,1,0,
178537,6.75,USD,1,0,
178538,5.65,USD,1,0,
178539,6.75,USD,1,0,
178540,7.15,USD,1,0,
178541,6.65,USD,1,0,
178542,3.20,USD,1,0,
178543,6.45,USD,1,0,
178544,6.05,USD,1,0,
178545,5.90,USD,1,0,
178546,5.55,USD,1,0,
178547,5.15,USD,1,0,
178548,4.60,USD,1,0,
178549,4.30,USD,1,0,
178550,3.90,USD,1,0,
178551,3.90,USD,1,0,
178552,3.90,USD,1,0,
178553,3.90,USD,1,0,
178554,3.75,USD,1,0,
178555,3.65,USD,1,0,
178556,3.40,USD,1,0,
178557,3.20,USD,1,0,
178558,3.20,USD,1,0,
178559,3.20,USD,1,0,
178560,5.75,USD,1,0,
178561,7.65,USD,1,0,
178562,3.20,USD,1,0,
178563,6.85,USD,1,0,
178564,5.55,USD,1,0,
178565,5.35,USD,1,0,
178566,5.20,USD,1,0,
178567,5.00,USD,1,0,
178568,4.95,USD,1,0,
178569,4.85,USD,1,0,
178570,4.75,USD,1,0,
178571,4.65,USD,1,0,
178572,4.65,USD,1,0,
178573,4.65,USD,1,0,
178574,4.90,USD,1,0,
178575,5.10,USD,1,0,
178576,5.40,USD,1,0,
178577,5.65,USD,1,0,
178578,5.90,USD,1,0,
178579,4.80,USD,1,0,
178580,5.15,USD,1,0,
178581,4.00,USD,1,0,
178582,5.10,USD,1,0,
178583,5.20,USD,1,0,
178584,4.65,USD,1,0,
178585,4.90,USD,1,0,
178586,4.45,USD,1,0,
178587,4.05,USD,1,0,
178588,3.90,USD,1,0,
178589,3.55,USD,1,0,
178590,3.20,USD,1,0,
178591,2.40,USD,1,0,
178592,2.70,USD,1,0,
178593,4.45,USD,1,0,
178594,4.45,USD,1,0,
178595,4.45,USD,1,0,
178596,4.45,USD,1,0,
178597,4.55,USD,1,0,
178598,5.75,USD,1,0,
178599,3.20,USD,1,0,
178600,7.65,USD,1,0,
178601,3.20,USD,1,0,
178602,6.60,USD,1,0,
178603,5.30,USD,1,0,
178604,5.10,USD,1,0,
178605,4.90,USD,1,0,
178606,4.75,USD,1,0,
178607,4.65,USD,1,0,
178608,4.60,USD,1,0,
178609,4.45,USD,1,0,
178610,4.35,USD,1,0,
178611,4.35,USD,1,0,
178612,4.35,USD,1,0,
178613,4.65,USD,1,0,
178614,4.85,USD,1,0,
178615,5.15,USD,1,0,
178616,5.35,USD,1,0,
178617,5.65,USD,1,0,
178618,7.05,USD,1,0,
178619,5.90,USD,1,0,
178620,7.00,USD,1,0,
178621,5.75,USD,1,0,
178622,1.95,USD,1,0,
178623,7.00,USD,1,0,
178624,1.95,USD,1,0,
178625,1.95,USD,1,0,
178626,1.95,USD,1,0,
178627,3.65,USD,1,0,
178628,4.05,USD,1,0,
178629,4.60,USD,1,0,
178630,4.90,USD,1,0,
178631,6.55,USD,1,0,
178632,6.55,USD,1,0,
178633,6.55,USD,1,0,
178634,6.55,USD,1,0,
178635,6.60,USD,1,0,
178636,6.65,USD,1,0,
178637,6.80,USD,1,0,
178638,6.90,USD,1,0,
178639,7.00,USD,1,0,
178640,6.65,USD,1,0,
178641,6.90,USD,1,0,
178642,11.50,USD,1,0,
178643,7.25,USD,1,0,
178644,6.35,USD,1,0,
178645,4.85,USD,1,0,
178646,4.65,USD,1,0,
178647,4.50,USD,1,0,
178648,4.30,USD,1,0,
178649,4.25,USD,1,0,
178650,4.20,USD,1,0,
178651,4.20,USD,1,0,
178652,4.25,USD,1,0,
178653,4.25,USD,1,0,
178654,4.25,USD,1,0,
178655,4.40,USD,1,0,
178656,4.60,USD,1,0,
178657,4.90,USD,1,0,
178658,5.10,USD,1,0,
178659,5.40,USD,1,0,
178660,5.70,USD,1,0,
178661,6.20,USD,1,0,
178662,3.65,USD,1,0,
178663,4.15,USD,1,0,
178664,6.30,USD,1,0,
178665,4.80,USD,1,0,
178666,4.40,USD,1,0,
178667,4.30,USD,1,0,
177055,5.15,USD,1,0,
177056,3.05,USD,1,0,
177057,3.05,USD,1,0,
177058,3.05,USD,1,0,
177059,5.75,USD,1,0,
177060,9.25,USD,1,0,
177061,4.95,USD,1,0,
177062,4.25,USD,1,0,
177063,2.90,USD,1,0,
177064,2.55,USD,1,0,
177065,2.25,USD,1,0,
177066,1.95,USD,1,0,
177067,1.95,USD,1,0,
177068,1.95,USD,1,0,
177069,1.95,USD,1,0,
177070,5.75,USD,1,0,
177071,1.95,USD,1,0,
177072,1.95,USD,1,0,
177073,1.95,USD,1,0,
177074,1.95,USD,1,0,
177075,2.50,USD,1,0,
177076,2.85,USD,1,0,
177077,3.30,USD,1,0,
177078,3.60,USD,1,0,
177079,4.10,USD,1,0,
177080,4.40,USD,1,0,
177081,3.30,USD,1,0,
177082,4.40,USD,1,0,
177083,4.75,USD,1,0,
177084,4.25,USD,1,0,
177085,4.20,USD,1,0,
177086,4.05,USD,1,0,
177087,3.65,USD,1,0,
177088,3.50,USD,1,0,
177089,3.05,USD,1,0,
177090,2.45,USD,1,0,
177091,1.95,USD,1,0,
177092,1.95,USD,1,0,
177093,3.45,USD,1,0,
177094,3.45,USD,1,0,
177095,3.45,USD,1,0,
177096,3.45,USD,1,0,
177097,3.60,USD,1,0,
177098,3.70,USD,1,0,
177099,3.95,USD,1,0,
177100,4.10,USD,1,0,
177101,4.20,USD,1,0,
177102,4.35,USD,1,0,
177103,4.65,USD,1,0,
177104,9.25,USD,1,0,
177105,4.95,USD,1,0,
177106,4.25,USD,1,0,
177107,2.90,USD,1,0,
177108,2.55,USD,1,0,
177109,2.25,USD,1,0,
177110,1.95,USD,1,0,
177111,1.95,USD,1,0,
177112,1.95,USD,1,0,
177113,1.95,USD,1,0,
177114,1.95,USD,1,0,
177115,5.75,USD,1,0,
177116,1.95,USD,1,0,
177117,1.95,USD,1,0,
177118,1.95,USD,1,0,
177119,2.50,USD,1,0,
177120,2.85,USD,1,0,
177121,3.30,USD,1,0,
177122,3.60,USD,1,0,
177123,4.10,USD,1,0,
177124,4.40,USD,1,0,
177125,3.30,USD,1,0,
177126,4.40,USD,1,0,
177127,4.75,USD,1,0,
177128,4.25,USD,1,0,
177129,4.20,USD,1,0,
177130,4.05,USD,1,0,
177131,3.65,USD,1,0,
177132,3.50,USD,1,0,
177133,3.05,USD,1,0,
177134,4.60,USD,1,0,
177135,4.75,USD,1,0,
177136,4.80,USD,1,0,
177137,4.90,USD,1,0,
177138,4.90,USD,1,0,
177139,5.20,USD,1,0,
177140,9.80,USD,1,0,
177141,5.50,USD,1,0,
177142,4.80,USD,1,0,
177143,1.95,USD,1,0,
177144,1.95,USD,1,0,
177145,5.75,USD,1,0,
177146,1.95,USD,1,0,
177147,1.95,USD,1,0,
177148,1.95,USD,1,0,
177149,2.05,USD,1,0,
177150,2.25,USD,1,0,
177151,2.25,USD,1,0,
177152,2.25,USD,1,0,
177153,2.75,USD,1,0,
177154,3.05,USD,1,0,
177155,3.30,USD,1,0,
177156,3.55,USD,1,0,
177157,3.85,USD,1,0,
177158,4.15,USD,1,0,
177159,4.65,USD,1,0,
177160,4.95,USD,1,0,
177161,3.85,USD,1,0,
177162,4.95,USD,1,0,
177163,5.00,USD,1,0,
177164,4.50,USD,1,0,
177165,4.75,USD,1,0,
177166,4.30,USD,1,0,
177167,3.90,USD,1,0,
177168,3.75,USD,1,0,
177169,3.40,USD,1,0,
177170,2.95,USD,1,0,
177171,2.10,USD,1,0,
177172,2.45,USD,1,0,
177173,4.30,USD,1,0,
177174,4.30,USD,1,0,
177175,4.30,USD,1,0,
177176,4.30,USD,1,0,
177177,4.35,USD,1,0,
177178,4.40,USD,1,0,
177179,4.55,USD,1,0,
177180,4.65,USD,1,0,
177181,4.75,USD,1,0,
177182,4.75,USD,1,0,
177183,5.00,USD,1,0,
177184,9.60,USD,1,0,
177185,5.00,USD,1,0,
177186,5.30,USD,1,0,
177187,9.15,USD,1,0,
177188,4.90,USD,1,0,
177189,4.35,USD,1,0,
177190,3.05,USD,1,0,
177191,2.70,USD,1,0,
177192,2.45,USD,1,0,
177193,2.15,USD,1,0,
177194,2.00,USD,1,0,
177195,1.95,USD,1,0,
177196,1.95,USD,1,0,
177197,1.95,USD,1,0,
177198,1.95,USD,1,0,
177199,1.95,USD,1,0,
177200,1.95,USD,1,0,
177201,2.15,USD,1,0,
177202,2.65,USD,1,0,
177203,3.05,USD,1,0,
177204,3.40,USD,1,0,
177205,3.70,USD,1,0,
177206,4.20,USD,1,0,
177207,4.50,USD,1,0,
177208,3.40,USD,1,0,
177209,4.50,USD,1,0,
177210,4.90,USD,1,0,
177211,4.30,USD,1,0,
177212,4.55,USD,1,0,
177213,3.40,USD,1,0,
177214,3.20,USD,1,0,
177215,3.10,USD,1,0,
177216,2.95,USD,1,0,
177217,2.90,USD,1,0,
177218,3.05,USD,1,0,
177219,3.05,USD,1,0,
177220,3.05,USD,1,0,
177221,3.30,USD,1,0,
177222,3.45,USD,1,0,
177223,3.80,USD,1,0,
177224,4.00,USD,1,0,
177225,4.30,USD,1,0,
177226,4.60,USD,1,0,
177227,5.05,USD,1,0,
177228,5.40,USD,1,0,
177229,4.30,USD,1,0,
177230,1.95,USD,1,0,
177231,1.95,USD,1,0,
177232,2.65,USD,1,0,
177233,2.30,USD,1,0,
177234,11.65,USD,1,0,
177235,10.50,USD,1,0,
177236,11.60,USD,1,0,
177237,12.05,USD,1,0,
177238,11.50,USD,1,0,
177239,7.95,USD,1,0,
177240,11.30,USD,1,0,
177241,10.90,USD,1,0,
177242,10.75,USD,1,0,
177243,10.40,USD,1,0,
177244,10.00,USD,1,0,
177245,9.50,USD,1,0,
177246,9.15,USD,1,0,
177247,8.95,USD,1,0,
177248,8.95,USD,1,0,
177249,8.95,USD,1,0,
177250,8.95,USD,1,0,
177251,8.90,USD,1,0,
177252,8.80,USD,1,0,
177253,4.10,USD,1,0,
177254,4.35,USD,1,0,
177255,4.65,USD,1,0,
177256,4.95,USD,1,0,
177257,5.40,USD,1,0,
177258,5.75,USD,1,0,
177259,4.65,USD,1,0,
177260,5.75,USD,1,0,
177261,1.95,USD,1,0,
177262,1.95,USD,1,0,
177263,5.70,USD,1,0,
177264,1.95,USD,1,0,
177265,1.95,USD,1,0,
177266,5.75,USD,1,0,
177267,1.95,USD,1,0,
177268,1.95,USD,1,0,
177269,3.20,USD,1,0,
177270,3.60,USD,1,0,
177271,5.25,USD,1,0,
177272,5.25,USD,1,0,
177273,5.25,USD,1,0,
177274,5.25,USD,1,0,
177275,5.35,USD,1,0,
177276,5.40,USD,1,0,
177277,5.50,USD,1,0,
177278,5.60,USD,1,0,
177279,5.75,USD,1,0,
177280,5.55,USD,1,0,
177281,5.80,USD,1,0,
177282,10.40,USD,1,0,
177283,6.10,USD,1,0,
177284,5.20,USD,1,0,
177285,3.75,USD,1,0,
177286,3.55,USD,1,0,
177287,5.40,USD,1,0,
177288,3.65,USD,1,0,
177289,3.05,USD,1,0,
177290,5.35,USD,1,0,
177291,1.95,USD,1,0,
177292,5.75,USD,1,0,
177293,1.95,USD,1,0,
177294,3.25,USD,1,0,
177295,4.90,USD,1,0,
177296,4.90,USD,1,0,
177297,4.90,USD,1,0,
177298,4.90,USD,1,0,
177299,4.95,USD,1,0,
177300,5.05,USD,1,0,
177301,5.20,USD,1,0,
177302,5.25,USD,1,0,
177303,5.35,USD,1,0,
177304,5.15,USD,1,0,
177305,5.40,USD,1,0,
177306,10.00,USD,1,0,
177307,5.75,USD,1,0,
177308,4.85,USD,1,0,
177309,3.35,USD,1,0,
177310,3.20,USD,1,0,
177311,2.95,USD,1,0,
177312,2.60,USD,1,0,
177313,2.50,USD,1,0,
177314,2.35,USD,1,0,
177315,1.95,USD,1,0,
177316,2.45,USD,1,0,
177317,2.45,USD,1,0,
177318,2.45,USD,1,0,
177319,2.75,USD,1,0,
177320,3.10,USD,1,0,
177321,3.40,USD,1,0,
177322,3.60,USD,1,0,
177323,3.90,USD,1,0,
177324,4.20,USD,1,0,
177325,4.70,USD,1,0,
177326,5.05,USD,1,0,
177327,3.90,USD,1,0,
177328,5.00,USD,1,0,
177329,4.90,USD,1,0,
177330,4.05,USD,1,0,
177331,3.55,USD,1,0,
177332,4.95,USD,1,0,
177333,1.95,USD,1,0,
177334,1.95,USD,1,0,
177335,1.95,USD,1,0,
177336,1.95,USD,1,0,
177337,5.75,USD,1,0,
177338,1.95,USD,1,0,
177339,2.65,USD,1,0,
177340,4.50,USD,1,0,
177341,4.50,USD,1,0,
177342,4.50,USD,1,0,
177343,4.50,USD,1,0,
177344,4.60,USD,1,0,
177345,4.65,USD,1,0,
177346,4.80,USD,1,0,
177347,3.65,USD,1,0,
177348,3.45,USD,1,0,
177349,3.45,USD,1,0,
177350,3.45,USD,1,0,
177351,3.85,USD,1,0,
177352,4.20,USD,1,0,
177353,4.50,USD,1,0,
177354,4.75,USD,1,0,
177355,5.00,USD,1,0,
177356,5.30,USD,1,0,
177357,5.80,USD,1,0,
177358,6.15,USD,1,0,
177359,5.00,USD,1,0,
177360,6.15,USD,1,0,
177361,6.55,USD,1,0,
177362,6.00,USD,1,0,
177363,3.60,USD,1,0,
177364,5.80,USD,1,0,
177365,5.40,USD,1,0,
177366,5.25,USD,1,0,
177367,4.90,USD,1,0,
177368,4.85,USD,1,0,
177369,4.50,USD,1,0,
177370,3.85,USD,1,0,
177371,3.20,USD,1,0,
177372,1.95,USD,1,0,
177373,1.95,USD,1,0,
177374,5.75,USD,1,0,
177375,1.95,USD,1,0,
177376,1.95,USD,1,0,
177377,1.95,USD,1,0,
177378,1.95,USD,1,0,
177379,1.95,USD,1,0,
177380,3.25,USD,1,0,
177381,3.90,USD,1,0,
177382,4.30,USD,1,0,
177383,8.95,USD,1,0,
177384,4.65,USD,1,0,
177385,5.95,USD,1,0,
177386,4.65,USD,1,0,
177387,4.45,USD,1,0,
177388,4.30,USD,1,0,
177389,4.10,USD,1,0,
177390,4.00,USD,1,0,
177391,3.85,USD,1,0,
177392,3.65,USD,1,0,
177393,3.45,USD,1,0,
177394,3.45,USD,1,0,
177395,3.45,USD,1,0,
177396,3.85,USD,1,0,
177397,4.20,USD,1,0,
177398,4.50,USD,1,0,
177399,4.75,USD,1,0,
177400,5.00,USD,1,0,
177401,5.30,USD,1,0,
177402,5.80,USD,1,0,
177403,6.15,USD,1,0,
177404,5.00,USD,1,0,
177405,6.15,USD,1,0,
177406,6.55,USD,1,0,
177407,6.00,USD,1,0,
177408,3.60,USD,1,0,
177409,5.80,USD,1,0,
177410,5.40,USD,1,0,
177411,5.25,USD,1,0,
177412,4.90,USD,1,0,
177413,4.50,USD,1,0,
177414,3.85,USD,1,0,
177415,3.20,USD,1,0,
177416,1.95,USD,1,0,
177417,1.95,USD,1,0,
177418,1.95,USD,1,0,
177419,5.75,USD,1,0,
177420,3.20,USD,1,0,
177421,1.95,USD,1,0,
177422,1.95,USD,1,0,
177423,1.95,USD,1,0,
177424,3.25,USD,1,0,
177425,3.75,USD,1,0,
177426,4.15,USD,1,0,
177427,8.90,USD,1,0,
177428,4.60,USD,1,0,
177429,6.05,USD,1,0,
177430,4.75,USD,1,0,
177431,4.55,USD,1,0,
177432,4.35,USD,1,0,
177433,4.20,USD,1,0,
177434,4.15,USD,1,0,
177435,4.05,USD,1,0,
177436,3.80,USD,1,0,
177437,3.60,USD,1,0,
177438,3.60,USD,1,0,
177439,3.60,USD,1,0,
177440,4.05,USD,1,0,
177441,4.30,USD,1,0,
177442,4.60,USD,1,0,
177443,4.80,USD,1,0,
177444,5.10,USD,1,0,
177445,5.40,USD,1,0,
177446,5.85,USD,1,0,
177447,6.20,USD,1,0,
177448,5.10,USD,1,0,
177449,6.20,USD,1,0,
177450,6.60,USD,1,0,
177451,6.10,USD,1,0,
177452,3.45,USD,1,0,
177453,5.90,USD,1,0,
177454,5.50,USD,1,0,
177455,5.35,USD,1,0,
177456,4.95,USD,1,0,
177457,4.60,USD,1,0,
177458,4.05,USD,1,0,
177459,3.45,USD,1,0,
177460,1.95,USD,1,0,
177461,1.95,USD,1,0,
177462,1.95,USD,1,0,
177463,1.95,USD,1,0,
177464,5.75,USD,1,0,
177465,1.95,USD,1,0,
177466,1.95,USD,1,0,
177467,1.95,USD,1,0,
177468,3.05,USD,1,0,
177469,3.65,USD,1,0,
177470,4.05,USD,1,0,
177471,8.80,USD,1,0,
177472,4.55,USD,1,0,
177473,6.10,USD,1,0,
177474,4.80,USD,1,0,
177475,4.60,USD,1,0,
177476,4.40,USD,1,0,
177477,4.25,USD,1,0,
177478,4.15,USD,1,0,
177479,4.10,USD,1,0,
177480,3.90,USD,1,0,
177481,3.70,USD,1,0,
177482,3.70,USD,1,0,
177483,3.70,USD,1,0,
177484,4.15,USD,1,0,
177485,4.35,USD,1,0,
177486,4.65,USD,1,0,
177487,4.85,USD,1,0,
177488,5.15,USD,1,0,
177489,5.45,USD,1,0,
177490,5.95,USD,1,0,
177491,6.25,USD,1,0,
177492,5.15,USD,1,0,
177493,6.25,USD,1,0,
177494,6.65,USD,1,0,
177495,6.15,USD,1,0,
177496,3.35,USD,1,0,
177497,5.95,USD,1,0,
177498,5.55,USD,1,0,
177499,5.40,USD,1,0,
177500,5.05,USD,1,0,
177501,4.65,USD,1,0,
177502,4.10,USD,1,0,
177503,3.55,USD,1,0,
177504,1.95,USD,1,0,
177505,1.95,USD,1,0,
177506,1.95,USD,1,0,
177507,1.95,USD,1,0,
177508,1.95,USD,1,0,
177509,5.75,USD,1,0,
177510,1.95,USD,1,0,
177511,1.95,USD,1,0,
177512,3.05,USD,1,0,
177513,3.40,USD,1,0,
177514,3.80,USD,1,0,
177515,8.55,USD,1,0,
177516,4.30,USD,1,0,
177517,6.25,USD,1,0,
177518,4.95,USD,1,0,
177519,4.75,USD,1,0,
177520,4.55,USD,1,0,
177521,4.40,USD,1,0,
177522,4.30,USD,1,0,
177523,4.25,USD,1,0,
177524,4.10,USD,1,0,
177525,3.95,USD,1,0,
177526,3.95,USD,1,0,
177527,3.95,USD,1,0,
177528,4.30,USD,1,0,
177529,4.45,USD,1,0,
177530,4.80,USD,1,0,
177531,5.00,USD,1,0,
177532,5.30,USD,1,0,
177533,5.60,USD,1,0,
177534,6.10,USD,1,0,
177535,6.40,USD,1,0,
177536,5.30,USD,1,0,
177537,6.40,USD,1,0,
177538,6.80,USD,1,0,
177539,6.30,USD,1,0,
177540,3.20,USD,1,0,
177541,6.10,USD,1,0,
177542,5.70,USD,1,0,
177543,5.50,USD,1,0,
177544,5.20,USD,1,0,
177545,4.80,USD,1,0,
177546,4.25,USD,1,0,
177547,3.80,USD,1,0,
177548,1.95,USD,1,0,
177549,1.95,USD,1,0,
177550,1.95,USD,1,0,
177551,1.95,USD,1,0,
177552,4.60,USD,1,0,
177553,1.95,USD,1,0,
177554,1.95,USD,1,0,
177555,1.95,USD,1,0,
177556,5.75,USD,1,0,
177557,1.95,USD,1,0,
177558,1.95,USD,1,0,
177559,1.95,USD,1,0,
177560,1.95,USD,1,0,
177561,1.95,USD,1,0,
177562,1.95,USD,1,0,
177563,2.40,USD,1,0,
177564,2.75,USD,1,0,
177565,3.15,USD,1,0,
177566,3.35,USD,1,0,
177567,3.65,USD,1,0,
177568,3.95,USD,1,0,
177569,4.45,USD,1,0,
177570,4.80,USD,1,0,
177571,3.65,USD,1,0,
177572,4.75,USD,1,0,
177573,4.85,USD,1,0,
177574,4.30,USD,1,0,
177575,4.55,USD,1,0,
177576,4.10,USD,1,0,
177577,3.70,USD,1,0,
177578,3.55,USD,1,0,
177579,3.20,USD,1,0,
177580,2.60,USD,1,0,
177581,1.95,USD,1,0,
177582,2.15,USD,1,0,
177583,4.10,USD,1,0,
177584,4.10,USD,1,0,
177585,4.10,USD,1,0,
177586,4.10,USD,1,0,
177587,4.20,USD,1,0,
177588,4.25,USD,1,0,
177589,4.40,USD,1,0,
177590,4.45,USD,1,0,
177591,4.55,USD,1,0,
177592,4.65,USD,1,0,
177593,4.95,USD,1,0,
177594,9.55,USD,1,0,
177595,5.25,USD,1,0,
177596,4.55,USD,1,0,
177597,1.95,USD,1,0,
177598,1.95,USD,1,0,
177599,1.95,USD,1,0,
177600,1.95,USD,1,0,
177601,5.75,USD,1,0,
177602,1.95,USD,1,0,
177603,1.95,USD,1,0,
177604,1.95,USD,1,0,
177605,1.95,USD,1,0,
177606,1.95,USD,1,0,
177607,2.30,USD,1,0,
177608,2.60,USD,1,0,
177609,3.10,USD,1,0,
177610,3.35,USD,1,0,
177611,3.60,USD,1,0,
177612,3.90,USD,1,0,
177613,4.40,USD,1,0,
177614,4.75,USD,1,0,
177615,3.60,USD,1,0,
177616,4.70,USD,1,0,
177617,4.75,USD,1,0,
177618,4.25,USD,1,0,
177619,4.50,USD,1,0,
177620,4.05,USD,1,0,
177621,3.65,USD,1,0,
177622,3.50,USD,1,0,
177623,3.10,USD,1,0,
177624,2.50,USD,1,0,
177625,1.95,USD,1,0,
177626,2.00,USD,1,0,
177627,4.00,USD,1,0,
177628,4.00,USD,1,0,
177629,4.00,USD,1,0,
177630,4.00,USD,1,0,
177631,4.15,USD,1,0,
177632,4.15,USD,1,0,
177633,4.30,USD,1,0,
177634,4.40,USD,1,0,
177635,5.30,USD,1,0,
177636,5.35,USD,1,0,
177637,5.50,USD,1,0,
177638,6.75,USD,1,0,
177639,7.00,USD,1,0,
177640,11.60,USD,1,0,
177641,7.35,USD,1,0,
177642,1.95,USD,1,0,
177643,5.30,USD,1,0,
177644,5.10,USD,1,0,
177645,4.95,USD,1,0,
177646,4.75,USD,1,0,
177647,4.70,USD,1,0,
177648,4.65,USD,1,0,
177649,4.50,USD,1,0,
177650,4.40,USD,1,0,
177651,4.40,USD,1,0,
177652,4.40,USD,1,0,
177653,4.15,USD,1,0,
177654,3.95,USD,1,0,
177655,3.65,USD,1,0,
177656,1.95,USD,1,0,
177657,3.70,USD,1,0,
177658,4.00,USD,1,0,
177659,4.50,USD,1,0,
177660,4.80,USD,1,0,
177661,1.95,USD,1,0,
177662,5.75,USD,1,0,
177663,7.00,USD,1,0,
177664,6.50,USD,1,0,
177665,6.55,USD,1,0,
177666,6.30,USD,1,0,
177667,5.90,USD,1,0,
177668,5.75,USD,1,0,
177669,5.40,USD,1,0,
177670,5.00,USD,1,0,
177671,4.50,USD,1,0,
177672,4.50,USD,1,0,
177673,6.15,USD,1,0,
177674,6.15,USD,1,0,
177675,6.15,USD,1,0,
177676,6.15,USD,1,0,
177677,6.20,USD,1,0,
177678,6.25,USD,1,0,
177679,6.40,USD,1,0,
177680,6.45,USD,1,0,
177681,6.60,USD,1,0,
177682,7.15,USD,1,0,
177683,7.40,USD,1,0,
177684,12.05,USD,1,0,
177685,7.75,USD,1,0,
177686,6.85,USD,1,0,
177687,5.35,USD,1,0,
177688,5.20,USD,1,0,
177689,5.00,USD,1,0,
177690,4.85,USD,1,0,
177691,4.75,USD,1,0,
177692,4.75,USD,1,0,
177693,4.75,USD,1,0,
177694,4.75,USD,1,0,
177695,4.75,USD,1,0,
177696,4.75,USD,1,0,
177697,4.90,USD,1,0,
177698,5.10,USD,1,0,
177699,5.40,USD,1,0,
177700,5.65,USD,1,0,
177701,5.90,USD,1,0,
177702,6.20,USD,1,0,
177703,6.70,USD,1,0,
177704,2.45,USD,1,0,
177705,1.95,USD,1,0,
177706,1.95,USD,1,0,
177707,3.45,USD,1,0,
177708,3.45,USD,1,0,
177709,3.45,USD,1,0,
177710,3.45,USD,1,0,
177711,3.60,USD,1,0,
177712,3.70,USD,1,0,
177713,3.95,USD,1,0,
177714,4.10,USD,1,0,
177715,4.20,USD,1,0,
177716,4.35,USD,1,0,
177717,4.65,USD,1,0,
177718,9.25,USD,1,0,
177719,4.95,USD,1,0,
177720,4.25,USD,1,0,
177721,2.90,USD,1,0,
177722,2.55,USD,1,0,
177723,2.25,USD,1,0,
177724,1.95,USD,1,0,
177725,1.95,USD,1,0,
177726,1.95,USD,1,0,
177727,1.95,USD,1,0,
177728,1.95,USD,1,0,
177729,1.95,USD,1,0,
177730,5.75,USD,1,0,
177731,1.95,USD,1,0,
177732,1.95,USD,1,0,
177733,2.50,USD,1,0,
177734,2.85,USD,1,0,
177735,3.30,USD,1,0,
177736,3.60,USD,1,0,
177737,4.10,USD,1,0,
177738,4.40,USD,1,0,
177739,3.30,USD,1,0,
177740,4.40,USD,1,0,
177741,4.75,USD,1,0,
177742,4.25,USD,1,0,
177743,4.20,USD,1,0,
177744,4.05,USD,1,0,
177745,3.65,USD,1,0,
177746,3.50,USD,1,0,
177747,3.05,USD,1,0,
177748,2.45,USD,1,0,
177749,1.95,USD,1,0,
177750,1.95,USD,1,0,
177751,3.45,USD,1,0,
177752,3.45,USD,1,0,
177753,3.45,USD,1,0,
177754,3.45,USD,1,0,
177755,3.60,USD,1,0,
177756,3.70,USD,1,0,
177757,3.95,USD,1,0,
177758,4.10,USD,1,0,
177759,4.20,USD,1,0,
177760,4.65,USD,1,0,
177761,4.90,USD,1,0,
177762,4.50,USD,1,0,
177763,8.55,USD,1,0,
177764,8.40,USD,1,0,
177765,2.45,USD,1,0,
177766,8.15,USD,1,0,
177767,3.20,USD,1,0,
177768,9.50,USD,1,0,
177769,5.25,USD,1,0,
177770,4.00,USD,1,0,
177771,3.20,USD,1,0,
177772,3.00,USD,1,0,
177773,2.75,USD,1,0,
177774,2.40,USD,1,0,
177775,2.30,USD,1,0,
177776,2.15,USD,1,0,
177777,1.95,USD,1,0,
177778,1.95,USD,1,0,
177779,1.95,USD,1,0,
177780,1.95,USD,1,0,
177781,5.75,USD,1,0,
177782,1.95,USD,1,0,
177783,1.95,USD,1,0,
177784,2.40,USD,1,0,
177785,2.85,USD,1,0,
177786,3.35,USD,1,0,
177787,3.80,USD,1,0,
177788,4.15,USD,1,0,
177789,2.85,USD,1,0,
177790,4.15,USD,1,0,
177791,4.90,USD,1,0,
177792,4.40,USD,1,0,
177793,4.45,USD,1,0,
177794,4.20,USD,1,0,
177795,3.80,USD,1,0,
177796,3.65,USD,1,0,
177797,3.30,USD,1,0,
177798,2.75,USD,1,0,
177799,1.95,USD,1,0,
177800,1.95,USD,1,0,
177801,3.85,USD,1,0,
177802,3.85,USD,1,0,
177803,3.85,USD,1,0,
177804,3.85,USD,1,0,
177805,4.15,USD,1,0,
177806,4.30,USD,1,0,
177807,4.35,USD,1,0,
177808,3.80,USD,1,0,
177809,10.80,USD,1,0,
177810,11.30,USD,1,0,
177811,3.40,USD,1,0,
177812,3.20,USD,1,0,
177813,3.05,USD,1,0,
177814,2.75,USD,1,0,
177815,2.60,USD,1,0,
177816,2.45,USD,1,0,
177817,2.25,USD,1,0,
177818,1.95,USD,1,0,
177819,1.95,USD,1,0,
177820,1.95,USD,1,0,
177821,1.95,USD,1,0,
177822,5.75,USD,1,0,
177823,1.95,USD,1,0,
177824,1.95,USD,1,0,
177825,2.55,USD,1,0,
177826,3.00,USD,1,0,
177827,3.65,USD,1,0,
177828,3.95,USD,1,0,
177829,2.55,USD,1,0,
177830,3.95,USD,1,0,
177831,5.10,USD,1,0,
177832,4.60,USD,1,0,
177833,4.65,USD,1,0,
177834,4.40,USD,1,0,
177835,4.00,USD,1,0,
177836,6.15,USD,1,0,
177837,6.55,USD,1,0,
177838,6.00,USD,1,0,
177839,3.60,USD,1,0,
177840,5.80,USD,1,0,
177841,5.40,USD,1,0,
177842,5.25,USD,1,0,
177843,4.90,USD,1,0,
177844,4.50,USD,1,0,
177845,3.85,USD,1,0,
177846,3.20,USD,1,0,
177847,5.75,USD,1,0,
177848,1.95,USD,1,0,
177849,1.95,USD,1,0,
177850,1.95,USD,1,0,
177851,1.95,USD,1,0,
177852,1.95,USD,1,0,
177853,1.95,USD,1,0,
177854,1.95,USD,1,0,
177855,3.25,USD,1,0,
177856,3.90,USD,1,0,
177857,4.30,USD,1,0,
177858,8.95,USD,1,0,
177859,4.65,USD,1,0,
177860,5.95,USD,1,0,
177861,4.65,USD,1,0,
177862,4.45,USD,1,0,
177863,4.30,USD,1,0,
177864,4.10,USD,1,0,
177865,4.00,USD,1,0,
177866,3.85,USD,1,0,
177867,3.65,USD,1,0,
177868,3.45,USD,1,0,
177869,3.45,USD,1,0,
178668,4.20,USD,1,0,
177870,3.45,USD,1,0,
177871,3.85,USD,1,0,
177872,4.20,USD,1,0,
177873,4.50,USD,1,0,
177874,4.75,USD,1,0,
177875,5.00,USD,1,0,
177876,5.30,USD,1,0,
177877,5.80,USD,1,0,
177878,6.15,USD,1,0,
177879,5.00,USD,1,0,
177880,6.15,USD,1,0,
177881,6.55,USD,1,0,
177882,6.00,USD,1,0,
177883,3.60,USD,1,0,
177884,5.80,USD,1,0,
177885,5.40,USD,1,0,
177886,5.25,USD,1,0,
177887,4.90,USD,1,0,
177888,4.50,USD,1,0,
177889,3.85,USD,1,0,
177890,3.20,USD,1,0,
177891,1.95,USD,1,0,
177892,5.75,USD,1,0,
177893,1.95,USD,1,0,
177894,1.95,USD,1,0,
177895,1.95,USD,1,0,
177896,1.95,USD,1,0,
177897,1.95,USD,1,0,
177898,1.95,USD,1,0,
177899,3.25,USD,1,0,
177900,3.90,USD,1,0,
177901,4.30,USD,1,0,
177902,8.95,USD,1,0,
177903,4.65,USD,1,0,
177904,5.95,USD,1,0,
177905,4.65,USD,1,0,
177906,4.45,USD,1,0,
177907,4.30,USD,1,0,
177908,4.10,USD,1,0,
177909,4.00,USD,1,0,
177910,3.85,USD,1,0,
177911,1.95,USD,1,0,
177912,1.95,USD,1,0,
177913,5.75,USD,1,0,
177914,1.95,USD,1,0,
177915,3.05,USD,1,0,
177916,3.20,USD,1,0,
177917,5.00,USD,1,0,
177918,4.65,USD,1,0,
177919,4.45,USD,1,0,
177920,5.65,USD,1,0,
177921,6.15,USD,1,0,
177922,6.50,USD,1,0,
177923,5.35,USD,1,0,
177924,6.45,USD,1,0,
177925,6.90,USD,1,0,
177926,6.35,USD,1,0,
177927,3.20,USD,1,0,
177928,6.15,USD,1,0,
177929,5.75,USD,1,0,
177930,5.60,USD,1,0,
177931,5.25,USD,1,0,
177932,4.85,USD,1,0,
177933,1.95,USD,1,0,
177934,1.95,USD,1,0,
177935,1.95,USD,1,0,
177936,1.95,USD,1,0,
177937,1.95,USD,1,0,
177938,1.95,USD,1,0,
178669,4.10,USD,1,0,
178670,4.10,USD,1,0,
178671,4.10,USD,1,0,
178672,4.35,USD,1,0,
178673,4.55,USD,1,0,
178674,4.85,USD,1,0,
178675,5.10,USD,1,0,
178676,5.35,USD,1,0,
178677,3.90,USD,1,0,
178678,3.80,USD,1,0,
178679,3.70,USD,1,0,
178680,3.60,USD,1,0,
178681,3.60,USD,1,0,
178682,3.60,USD,1,0,
178683,3.35,USD,1,0,
178684,3.00,USD,1,0,
178685,2.55,USD,1,0,
178686,1.95,USD,1,0,
178687,4.05,USD,1,0,
178688,4.50,USD,1,0,
178689,4.85,USD,1,0,
178690,5.10,USD,1,0,
178691,9.70,USD,1,0,
178692,5.45,USD,1,0,
178693,5.15,USD,1,0,
178694,5.40,USD,1,0,
178695,10.00,USD,1,0,
178696,5.70,USD,1,0,
178697,3.50,USD,1,0,
178698,3.70,USD,1,0,
178699,3.50,USD,1,0,
178700,3.30,USD,1,0,
178701,3.15,USD,1,0,
178702,3.10,USD,1,0,
178703,2.90,USD,1,0,
178704,2.70,USD,1,0,
178705,4.75,USD,1,0,
178706,4.55,USD,1,0,
178707,4.50,USD,1,0,
178708,4.40,USD,1,0,
178709,4.30,USD,1,0,
178710,4.20,USD,1,0,
178711,4.20,USD,1,0,
178712,4.20,USD,1,0,
178713,4.45,USD,1,0,
178714,4.65,USD,1,0,
178715,4.95,USD,1,0,
178716,5.20,USD,1,0,
178717,5.45,USD,1,0,
178718,5.75,USD,1,0,
178719,6.25,USD,1,0,
178720,6.60,USD,1,0,
178721,5.45,USD,1,0,