fare_id,price,currency_type,payment_method,transfers,transfer_duration
180542,4.00,USD,0,0,
180543,12.00,USD,0,,
180544,12.00,USD,1,,
180554,4.00,USD,0,0,
180555,12.00,USD,0,,
180556,12.00,USD,1,,
180566,4.00,USD,0,0,
180567,12.00,USD,0,,
180568,12.00,USD,1,,
180578,4.00,USD,0,0,
180579,12.00,USD,0,,
180580,12.00,USD,1,,
180590,4.00,USD,0,0,
180591,12.00,USD,0,,
180592,12.00,USD,1,,
180602,4.00,USD,0,0,
180603,12.00,USD,0,,
180604,12.00,USD,1,,
180614,4.00,USD,0,0,
180615,12.00,USD,0,,
180616,12.00,USD,1,,
180626,4.00,USD,0,0,
180627,12.00,USD,0,,
180628,12.00,USD,1,,
180638,4.00,USD,0,0,
180639,12.00,USD,0,,
180640,12.00,USD,1,,
180650,4.00,USD,0,0,
180651,12.00,USD,0,,
180652,12.00,USD,1,,
180662,4.00,USD,0,0,
180663,12.00,USD,0,,
180664,12.00,USD,1,,
180674,4.00,USD,0,0,
180675,12.00,USD,0,,
180676,12.00,USD,1,,
180686,2.00,USD,0,0,
180687,6.00,USD,0,,
180688,6.00,USD,1,,
180698,2.00,USD,0,0,
180699,6.00,USD,0,,
180700,6.00,USD,1,,
180710,2.00,USD,0,0,
180711,6.00,USD,0,,
180712,6.00,USD,1,,
180722,2.00,USD,0,0,
180723,6.00,USD,0,,
180724,6.00,USD,1,,
180734,2.00,USD,0,0,
180735,6.00,USD,0,,
180736,6.00,USD,1,,
180746,2.00,USD,0,0,
180747,6.00,USD,0,,
180748,6.00,USD,1,,
180758,2.00,USD,0,0,
180759,6.00,USD,0,,
180760,6.00,USD,1,,
180770,2.00,USD,0,0,
180771,6.00,USD,0,,
180772,6.00,USD,1,,
180782,2.00,USD,0,0,
180783,6.00,USD,0,,
180784,6.00,USD,1,,
180794,2.00,USD,0,0,
180795,6.00,USD,0,,
180796,6.00,USD,1,,
180806,2.00,USD,0,0,
180807,6.00,USD,0,,
180808,6.00,USD,1,,
180818,2.00,USD,0,0,
180819,6.00,USD,0,,
180820,6.00,USD,1,,
180830,2.00,USD,0,0,
180831,6.00,USD,0,,
180832,6.00,USD,1,,
180842,2.00,USD,0,0,
180843,6.00,USD,0,,
180844,6.00,USD,1,,
180854,2.00,USD,0,0,
180855,6.00,USD,0,,
180856,6.00,USD,1,,
180866,2.00,USD,0,0,
180867,6.00,USD,0,,
180868,6.00,USD,1,,
180878,2.00,USD,0,0,
180879,6.00,USD,0,,
180880,6.00,USD,1,,
180890,2.00,USD,0,0,
180891,6.00,USD,0,,
180892,6.00,USD,1,,
180902,2.00,USD,0,0,
180903,6.00,USD,0,,
180904,6.00,USD,1,,
180914,2.00,USD,0,0,
180915,6.00,USD,0,,
180916,6.00,USD,1,,
180926,2.00,USD,0,0,
180927,6.00,USD,0,,
180928,6.00,USD,1,,
180938,2.00,USD,0,0,
180939,6.00,USD,0,,
180940,6.00,USD,1,,
180950,2.00,USD,0,0,
180951,6.00,USD,0,,
180952,6.00,USD,1,,
180962,2.00,USD,0,0,
180963,6.00,USD,0,,
180964,6.00,USD,1,,
180974,2.00,USD,0,0,
180975,6.00,USD,0,,
180976,6.00,USD,1,,
180986,2.00,USD,0,0,
180987,6.00,USD,0,,
180988,6.00,USD,1,,
180998,2.00,USD,0,0,
180999,6.00,USD,0,,
181000,6.00,USD,1,,
181010,2.00,USD,0,0,
181011,6.00,USD,0,,
181012,6.00,USD,1,,
181022,2.00,USD,0,0,
181023,6.00,USD,0,,
181024,6.00,USD,1,,
181034,2.00,USD,0,0,
181035,6.00,USD,0,,
181036,6.00,USD,1,,
181046,2.00,USD,0,0,
181047,6.00,USD,0,,
181048,6.00,USD,1,,
181058,2.00,USD,0,0,
181059,6.00,USD,0,,
181060,6.00,USD,1,,
181070,2.00,USD,0,0,
181071,6.00,USD,0,,
181072,6.00,USD,1,,
181082,2.00,USD,0,0,
181083,6.00,USD,0,,
181084,6.00,USD,1,,
181094,2.00,USD,0,0,
181095,6.00,USD,0,,
181096,6.00,USD,1,,
181106,2.00,USD,0,0,
181107,6.00,USD,0,,
181108,6.00,USD,1,,
181118,2.00,USD,0,0,
181119,6.00,USD,0,,
181120,6.00,USD,1,,
181130,2.00,USD,0,0,
181131,6.00,USD,0,,
181132,6.00,USD,1,,
181142,2.00,USD,0,0,
181143,6.00,USD,0,,
181144,6.00,USD,1,,
181154,2.00,USD,0,0,
181155,6.00,USD,0,,
181156,6.00,USD,1,,
181166,2.00,USD,0,0,
181167,6.00,USD,0,,
181168,6.00,USD,1,,
181178,2.00,USD,0,0,
181179,6.00,USD,0,,
181180,6.00,USD,1,,
181190,2.00,USD,0,0,
181191,6.00,USD,0,,
181192,6.00,USD,1,,
181202,2.00,USD,1,,7200
181203,4.00,USD,1,,28800
181210,2.00,USD,1,,7200
181211,4.00,USD,1,,28800
181218,2.00,USD,1,,7200
181219,4.00,USD,1,,28800
181226,2.00,USD,1,,7200
181227,4.00,USD,1,,28800
181234,2.00,USD,1,,7200
181235,4.00,USD,1,,28800
181242,2.00,USD,1,,7200
181243,4.00,USD,1,,28800
181250,2.00,USD,1,,7200
181251,4.00,USD,1,,28800
181258,1.25,USD,0,0,
181262,1.25,USD,0,0,
181266,1.25,USD,0,0,
181270,1.25,USD,0,0,
181274,1.25,USD,0,0,
181278,1.25,USD,0,0,
181282,1.25,USD,0,0,
181286,1.25,USD,0,0,
181290,1.25,USD,0,0,
181294,1.25,USD,0,0,
181298,1.25,USD,0,0,
181302,1.25,USD,0,0,
181306,1.25,USD,0,0,
181310,1.25,USD,0,0,
181314,1.25,USD,0,0,
181318,1.25,USD,0,0,
181322,1.25,USD,0,0,
181326,0.00,USD,0,0,
181330,0.00,USD,0,0,
181334,0.00,USD,0,0,
181338,0.00,USD,0,0,
181342,0.00,USD,0,0,
181346,0.00,USD,0,0,
181350,0.00,USD,0,0,
181354,0.00,USD,0,0,
181358,0.00,USD,0,0,
181362,0.00,USD,0,0,