route_id,service_id,trip_id,trip_headsign,direction_id,block_id,shape_id,trip_short_name
10R,72989,481746,,0,96552,32005,
10R,72992,484132,,0,96852,32005,
10R,72989,481747,,0,96553,32005,
10R,72992,484133,,0,96853,32005,
10R,72992,484134,,0,96854,32005,
10R,72989,481748,,0,96554,32005,
10R,72992,484135,,0,96855,32005,
10R,72989,481749,,0,96555,32005,
10R,72990,484104,,0,96658,32005,
10R,72991,485252,,0,96859,32005,
10R,72989,481750,,0,96556,32120,
10R,72992,484136,,0,96856,32120,
10R,72989,481751,,0,96557,32120,
10R,72992,484137,,0,96857,32120,
10R,72992,484138,,0,96852,32120,
10R,72989,481752,,0,96552,32120,
10R,72991,485253,,0,96738,32005,
10R,72990,484105,,0,96657,32005,
10R,72989,481753,,0,96553,32120,
10R,72992,484139,,0,96853,32120,
10R,72992,484140,,0,96854,32120,
10R,72989,481754,,0,96554,32120,
10R,72992,484141,,0,96855,32120,
10R,72989,481755,,0,96555,32120,
10R,72990,484106,,0,96658,32005,
10R,72991,485254,,0,96859,32005,
10R,72992,484142,,0,96856,32120,
10R,72989,481756,,0,96556,32120,
10R,72992,484143,,0,96857,32120,
10R,72989,481757,,0,96557,32120,
10R,72992,484144,,0,96852,32120,
10R,72989,481758,,0,96552,32120,
10R,72991,485255,,0,96738,32005,
10R,72990,484107,,0,96657,32005,
10R,72992,484145,,0,96853,32120,
10R,72989,481759,,0,96553,32120,
10R,72992,484146,,0,96854,32120,
10R,72989,481760,,0,96554,32120,
10R,72992,484147,,0,96855,32120,
10R,72989,481761,,0,96555,32120,
10R,72990,484108,,0,96658,32005,
10R,72991,485256,,0,96859,32005,
10R,72992,484148,,0,96856,32120,
10R,72989,481762,,0,96556,32120,
10R,72989,481763,,0,96557,32120,
10R,72992,484149,,0,96857,32120,
10R,72992,484150,,0,96852,32120,
10R,72989,481764,,0,96552,32120,
10R,72990,484109,,0,96657,32005,
10R,72991,485257,,0,96738,32005,
10R,72989,481765,,0,96553,32120,
10R,72992,484151,,0,96853,32120,
10R,72992,484152,,0,96854,32120,
10R,72989,481766,,0,96554,32120,
10R,72991,485227,,0,96779,32005,
10R,72990,482979,,0,96656,32005,
10R,72992,484153,,0,96855,32120,
10R,72989,481767,,0,96555,32120,
10R,72989,481768,,0,96556,32120,
10R,72992,484154,,0,96856,32120,
10R,72991,485228,,0,96859,32005,
10R,72990,482980,,0,96658,32005,
10R,72989,481769,,0,96557,32120,
10R,72992,484155,,0,96857,32120,
10R,72992,484156,,0,96852,32120,
10R,72989,481770,,0,96552,32120,
10R,72990,482982,,0,96657,32005,
10R,72991,485230,,0,96738,32005,
10R,72992,484157,,0,96853,32120,
10R,72989,481771,,0,96553,32120,
10R,72989,481772,,0,96554,32120,
10R,72992,484158,,0,96854,32120,
10R,72991,485229,,0,96779,32005,
10R,72990,482981,,0,96656,32005,
10R,72992,484159,,0,96855,32120,
10R,72989,481773,,0,96555,32120,
10R,72992,484160,,0,96856,32120,
10R,72989,481774,,0,96556,32120,
10R,72990,482984,,0,96658,32005,
10R,72991,485232,,0,96859,32005,
10R,72992,484161,,0,96857,32120,
10R,72989,481775,,0,96557,32120,
10R,72992,484162,,0,96852,32120,
10R,72989,481776,,0,96552,32120,
10R,72990,482986,,0,96657,32005,
10R,72991,485234,,0,96738,32005,
10R,72992,484163,,0,96853,32120,
10R,72989,481777,,0,96553,32120,
10R,72989,481778,,0,96554,32120,
10R,72992,484164,,0,96854,32120,
10R,72991,485231,,0,96779,32005,
10R,72990,482983,,0,96656,32005,
10R,72992,484165,,0,96855,32120,
10R,72989,481779,,0,96555,32120,
10R,72992,484166,,0,96856,32120,
10R,72989,481780,,0,96556,32120,
10R,72990,482988,,0,96658,32005,
10R,72991,485236,,0,96859,32005,
10R,72989,481781,,0,96557,32120,
10R,72992,484167,,0,96857,32120,
10R,72992,484168,,0,96852,32120,
10R,72989,481782,,0,96552,32120,
10R,72990,482990,,0,96657,32005,
10R,72991,485238,,0,96738,32005,
10R,72992,484169,,0,96853,32120,
10R,72989,481783,,0,96553,32120,
10R,72989,481784,,0,96554,32120,
10R,72992,484170,,0,96854,32120,
10R,72990,482985,,0,96656,32005,
10R,72991,485233,,0,96779,32005,
10R,72989,481785,,0,96555,32120,
10R,72992,484171,,0,96855,32120,
10R,72989,481786,,0,96556,32120,
10R,72992,484172,,0,96856,32120,
10R,72991,485246,,0,96859,32005,
10R,72990,483274,,0,96658,32005,
10R,72992,484173,,0,96857,32120,
10R,72989,481787,,0,96557,32120,
10R,72989,481788,,0,96552,32120,
10R,72992,484174,,0,96852,32120,
10R,72990,483275,,0,96657,32005,
10R,72991,485247,,0,96738,32005,
10R,72989,481789,,0,96553,32120,
10R,72992,484175,,0,96853,32120,
10R,72989,481790,,0,96554,32120,
10R,72992,484176,,0,96854,32120,
10R,72990,482987,,0,96656,32005,
10R,72991,485235,,0,96779,32005,
10R,72989,481791,,0,96558,32120,
10R,72992,484177,,0,96858,32120,
10R,72989,481792,,0,96555,32120,
10R,72992,484178,,0,96855,32120,
10R,72990,483276,,0,96658,32005,
10R,72991,485248,,0,96859,32005,
10R,72989,481793,,0,96556,32120,
10R,72992,484179,,0,96856,32120,
10R,72992,484180,,0,96857,32120,
10R,72989,481794,,0,96557,32120,
10R,72991,485249,,0,96738,32005,
10R,72990,483277,,0,96657,32005,
10R,72989,481795,,0,96552,32120,
10R,72992,484181,,0,96852,32120,
10R,72992,484182,,0,96853,32120,
10R,72989,481796,,0,96553,32120,
10R,72991,485237,,0,96779,32005,
10R,72990,482989,,0,96656,32005,
10R,72992,484183,,0,96854,32120,
10R,72989,481797,,0,96554,32120,
10R,72989,481798,,0,96558,32120,
10R,72992,484184,,0,96858,32120,
10R,72990,483278,,0,96658,32005,
10R,72991,485250,,0,96859,32005,
10R,72992,484185,,0,96855,32120,
10R,72989,481799,,0,96555,32120,
10R,72989,481800,,0,96557,32005,
10R,72992,484186,,0,96857,32005,
10R,72991,485251,,0,96738,32005,
10R,72990,483279,,0,96657,32005,
10R,72992,484187,,0,96852,32005,
10R,72989,481801,,0,96552,32005,
10R,72989,481802,,0,96553,32005,
10R,72992,484188,,0,96853,32005,
10R,72990,482991,,0,96656,32005,
10R,72991,485239,,0,96779,32005,
10R,72989,481803,,0,96554,32005,
10R,72992,484189,,0,96854,32005,
10R,72991,485240,,0,96859,32005,
10R,72990,482992,,0,96658,32005,
10R,72989,481805,,0,96555,32005,
10R,72992,484190,,0,96855,32005,
10R,72992,484191,,0,96852,32121,
10R,72989,481806,,0,96552,32121,
10R,72990,482993,,0,96657,32121,
10R,72989,481807,,0,96695,32121,
10R,72992,484192,,0,96615,32121,
10R,72991,485241,,0,96738,32121,
10R,72989,481808,,0,96555,32121,
10R,72990,482994,,0,96656,32121,
10R,72991,485242,,0,96779,32121,
10R,72992,484193,,0,96855,32121,
10R,72990,482995,,0,96657,32121,
10R,72991,485243,,0,96738,32121,
10R,72989,481809,,0,96695,32121,
10R,72992,484194,,0,96615,32121,
10R,72991,485244,,0,96779,32121,
10R,72989,481810,,0,96555,32121,
10R,72990,482996,,0,96656,32121,
10R,72992,484195,,0,96855,32121,
10R,72991,485245,,0,96738,32005,
10R,72992,484196,,0,96615,32005,
10R,72990,482997,,0,96657,32005,
10R,72989,483954,,0,96695,32005,
10R,72989,481682,,1,96552,32012,
10R,72992,484197,,1,96852,32012,
10R,72989,481683,,1,96553,32012,
10R,72992,484198,,1,96853,32012,
10R,72989,481684,,1,96554,32012,
10R,72992,484199,,1,96854,32012,
10R,72989,481685,,1,96555,32012,
10R,72992,484200,,1,96855,32012,
10R,72989,481686,,1,96556,32122,
10R,72992,484201,,1,96856,32122,
10R,72991,485283,,1,96859,32122,
10R,72990,484098,,1,96658,32122,
10R,72989,481687,,1,96557,32122,
10R,72992,484202,,1,96857,32122,
10R,72992,484203,,1,96852,32122,
10R,72989,481688,,1,96552,32122,
10R,72992,484204,,1,96853,32122,
10R,72989,481689,,1,96553,32122,
10R,72990,484099,,1,96657,32122,
10R,72991,485284,,1,96738,32122,
10R,72992,484205,,1,96854,32122,
10R,72989,481690,,1,96554,32122,
10R,72989,481691,,1,96555,32122,
10R,72992,484206,,1,96855,32122,
10R,72989,481692,,1,96556,32122,
10R,72992,484207,,1,96856,32122,
10R,72991,485285,,1,96859,32122,
10R,72990,484100,,1,96658,32122,
10R,72989,481693,,1,96557,32122,
10R,72992,484208,,1,96857,32122,
10R,72992,484209,,1,96852,32122,
10R,72989,481694,,1,96552,32122,
10R,72992,484210,,1,96853,32122,
10R,72989,481695,,1,96553,32122,
10R,72991,485286,,1,96738,32122,
10R,72990,484101,,1,96657,32122,
10R,72992,484211,,1,96854,32122,
10R,72989,481696,,1,96554,32122,
10R,72989,481697,,1,96555,32122,
10R,72992,484212,,1,96855,32122,
10R,72989,481698,,1,96556,32122,
10R,72992,484213,,1,96856,32122,
10R,72990,484102,,1,96658,32122,
10R,72991,485287,,1,96859,32122,
10R,72992,484214,,1,96857,32122,
10R,72989,481699,,1,96557,32122,
10R,72989,481700,,1,96552,32122,
10R,72992,484215,,1,96852,32122,
10R,72989,481701,,1,96553,32122,
10R,72992,484216,,1,96853,32122,
10R,72991,485288,,1,96738,32012,
10R,72990,484103,,1,96657,32012,
10R,72992,484217,,1,96854,32122,
10R,72989,481702,,1,96554,32122,
10R,72989,481703,,1,96555,32122,
10R,72992,484218,,1,96855,32122,
10R,72990,482948,,1,96656,32012,
10R,72991,485258,,1,96779,32012,
10R,72992,484219,,1,96856,32122,
10R,72989,481704,,1,96556,32122,
10R,72992,484220,,1,96857,32122,
10R,72989,481705,,1,96557,32122,
10R,72991,485259,,1,96859,32012,
10R,72990,482949,,1,96658,32012,
10R,72989,481706,,1,96552,32122,
10R,72992,484221,,1,96852,32122,
10R,72989,481707,,1,96553,32122,
10R,72992,484222,,1,96853,32122,
10R,72991,485260,,1,96738,32012,
10R,72990,482950,,1,96657,32012,
10R,72989,481708,,1,96554,32122,
10R,72992,484223,,1,96854,32122,
10R,72992,484224,,1,96855,32122,
10R,72989,481709,,1,96555,32122,
10R,72990,482951,,1,96656,32012,
10R,72991,485261,,1,96779,32012,
10R,72992,484225,,1,96856,32122,
10R,72989,481710,,1,96556,32122,
10R,72989,481711,,1,96557,32122,
10R,72992,484226,,1,96857,32122,
10R,72990,482952,,1,96658,32012,
10R,72991,485262,,1,96859,32012,
10R,72992,484227,,1,96852,32122,
10R,72989,481712,,1,96552,32122,
10R,72989,481713,,1,96553,32122,
10R,72992,484228,,1,96853,32122,
10R,72991,485263,,1,96738,32012,
10R,72990,482953,,1,96657,32012,
10R,72992,484229,,1,96854,32122,
10R,72989,481714,,1,96554,32122,
10R,72992,484230,,1,96855,32122,
10R,72989,481715,,1,96555,32122,
10R,72991,485264,,1,96779,32012,
10R,72990,482954,,1,96656,32012,
10R,72992,484231,,1,96856,32122,
10R,72989,481716,,1,96556,32122,
10R,72989,481717,,1,96557,32122,
10R,72992,484232,,1,96857,32122,
10R,72990,482955,,1,96658,32012,
10R,72991,485265,,1,96859,32012,
10R,72989,481718,,1,96552,32122,
10R,72992,484233,,1,96852,32122,
10R,72989,481719,,1,96553,32122,
10R,72992,484234,,1,96853,32122,
10R,72990,482956,,1,96657,32012,
10R,72991,485266,,1,96738,32012,
10R,72992,484235,,1,96854,32122,
10R,72989,481720,,1,96554,32122,
10R,72992,484236,,1,96855,32122,
10R,72989,481721,,1,96555,32122,
10R,72990,482957,,1,96656,32012,
10R,72991,485267,,1,96779,32012,
10R,72992,484237,,1,96856,32122,
10R,72989,481722,,1,96556,32122,
10R,72989,481723,,1,96557,32122,
10R,72992,484238,,1,96857,32122,
10R,72990,482958,,1,96658,32012,
10R,72991,485268,,1,96859,32012,
10R,72992,484239,,1,96852,32122,
10R,72989,481724,,1,96552,32122,
10R,72992,484240,,1,96853,32122,
10R,72989,481725,,1,96553,32122,
10R,72991,485269,,1,96738,32012,
10R,72990,482959,,1,96657,32012,
10R,72992,484241,,1,96854,32122,
10R,72989,481726,,1,96554,32122,
10R,72989,481727,,1,96558,32122,
10R,72992,484242,,1,96858,32122,
10R,72991,485270,,1,96779,32012,
10R,72990,482960,,1,96656,32012,
10R,72989,481728,,1,96555,32122,
10R,72992,484243,,1,96855,32122,
10R,72989,481729,,1,96556,32122,
10R,72992,484244,,1,96856,32122,
10R,72990,482961,,1,96658,32012,
10R,72991,485271,,1,96859,32012,
10R,72992,484245,,1,96857,32122,
10R,72989,481730,,1,96557,32122,
10R,72992,484246,,1,96852,32122,
10R,72989,481731,,1,96552,32122,
10R,72990,482962,,1,96657,32012,
10R,72991,485272,,1,96738,32012,
10R,72992,484247,,1,96853,32122,
10R,72989,481732,,1,96553,32122,
10R,72992,484248,,1,96854,32122,
10R,72989,481733,,1,96554,32122,
10R,72990,482963,,1,96656,32012,
10R,72991,485273,,1,96779,32012,
10R,72992,484249,,1,96858,32122,
10R,72989,481734,,1,96558,32122,
10R,72989,481735,,1,96555,32122,
10R,72992,484250,,1,96855,32122,
10R,72990,482964,,1,96658,32012,
10R,72991,485274,,1,96859,32012,
10R,72989,481736,,1,96557,32012,
10R,72992,484251,,1,96857,32012,
10R,72989,481737,,1,96552,32012,
10R,72992,484252,,1,96852,32012,
10R,72990,482965,,1,96657,32012,
10R,72991,485275,,1,96738,32012,
10R,72989,481738,,1,96553,32012,
10R,72992,484253,,1,96853,32012,
10R,72989,481739,,1,96554,32012,
10R,72992,484254,,1,96854,32012,
10R,72990,482966,,1,96656,32012,
10R,72991,485276,,1,96779,32012,
10R,72989,481740,,1,96555,32012,
10R,72992,484255,,1,96855,32012,
10R,72990,482967,,1,96658,32012,
10R,72991,485277,,1,96859,32012,
10R,72989,481741,,1,96552,32123,
10R,72992,484256,,1,96852,32123,
10R,72991,485278,,1,96738,32123,
10R,72990,482968,,1,96657,32123,
10R,72989,481742,,1,96555,32123,
10R,72992,484257,,1,96855,32123,
10R,72990,482969,,1,96656,32123,
10R,72991,485279,,1,96779,32123,
10R,72989,481743,,1,96695,32123,
10R,72992,484258,,1,96615,32123,
10R,72990,482970,,1,96657,32123,
10R,72991,485280,,1,96738,32123,
10R,72992,484259,,1,96855,32123,
10R,72989,481744,,1,96555,32123,
10R,72990,482971,,1,96656,32123,
10R,72991,485281,,1,96779,32123,
10R,72989,481745,,1,96695,32123,
10R,72992,484260,,1,96615,32123,
10R,72991,485282,,1,96738,32123,
10R,72990,482972,,1,96657,32123,
30R,72989,482221,,0,96533,32099,
30R,72992,484564,,0,96767,32099,
30R,72989,482222,,0,96534,32099,
30R,72992,484565,,0,96768,32099,
30R,72990,482843,,0,96646,32099,
30R,72991,484837,,0,96785,32099,
30R,72992,484566,,0,96769,32099,
30R,72989,482223,,0,96702,32099,
30R,72992,484567,,0,96770,32099,
30R,72989,482224,,0,96536,32099,
30R,72992,484568,,0,96771,32099,
30R,72989,482225,,0,96537,32099,
30R,72992,484569,,0,96772,32099,
30R,72989,482226,,0,96538,32099,
30R,72990,482844,,0,96647,32099,
30R,72991,484838,,0,96786,32099,
30R,72992,484570,,0,96773,32099,
30R,72989,482227,,0,96539,32099,
30R,72992,484571,,0,96774,32099,
30R,72989,482228,,0,96540,32099,
30R,72989,482229,,0,96541,32099,
30R,72992,484572,,0,96775,32099,
30R,72989,482230,,0,96542,32099,
30R,72992,484573,,0,96776,32099,
30R,72990,482845,,0,96646,32099,
30R,72991,484839,,0,96785,32099,
30R,72992,484574,,0,96767,32099,
30R,72989,482231,,0,96533,32099,
30R,72989,482232,,0,96534,32099,
30R,72992,484575,,0,96768,32099,
30R,72992,484576,,0,96770,32146,
30R,72989,482233,,0,96536,32146,
30R,72991,484840,,0,96786,32099,
30R,72990,482846,,0,96647,32099,
30R,72989,482234,,0,96537,32145,
30R,72992,484577,,0,96771,32145,
30R,72989,482235,,0,96538,32145,
30R,72992,484578,,0,96772,32145,
30R,72992,484579,,0,96773,32145,
30R,72989,482236,,0,96539,32145,
30R,72989,482237,,0,96540,32145,
30R,72992,484580,,0,96774,32145,
30R,72990,482847,,0,96646,32145,
30R,72991,484841,,0,96785,32145,
30R,72992,484581,,0,96775,32145,
30R,72989,482238,,0,96541,32145,
30R,72992,484582,,0,96776,32145,
30R,72989,482239,,0,96542,32145,
30R,72992,484583,,0,96767,32145,
30R,72989,482240,,0,96533,32145,
30R,72989,482241,,0,96534,32145,
30R,72992,484584,,0,96768,32145,
30R,72990,482848,,0,96647,32145,
30R,72991,484842,,0,96786,32145,
30R,72992,484585,,0,96770,32145,
30R,72989,482242,,0,96536,32145,
30R,72992,484586,,0,96771,32145,
30R,72989,482243,,0,96537,32145,
30R,72992,484587,,0,96772,32145,
30R,72989,482244,,0,96538,32145,
30R,72989,482245,,0,96539,32145,
30R,72992,484588,,0,96773,32145,
30R,72991,484843,,0,96785,32145,
30R,72990,482849,,0,96646,32145,
30R,72989,482246,,0,96540,32145,
30R,72992,484589,,0,96774,32145,
30R,72989,482247,,0,96541,32145,
30R,72992,484590,,0,96775,32145,
30R,72989,482248,,0,96542,32145,
30R,72992,484591,,0,96776,32145,
30R,72989,482249,,0,96533,32145,
30R,72992,484592,,0,96767,32145,
30R,72990,482850,,0,96647,32145,
30R,72991,484844,,0,96786,32145,
30R,72992,484593,,0,96768,32145,
30R,72989,482250,,0,96534,32145,
30R,72989,482251,,0,96536,32145,
30R,72992,484594,,0,96770,32145,
30R,72989,482252,,0,96537,32145,
30R,72992,484595,,0,96771,32145,
30R,72989,482253,,0,96538,32145,
30R,72992,484596,,0,96772,32145,
30R,72990,482851,,0,96646,32145,
30R,72991,484845,,0,96785,32145,
30R,72992,484597,,0,96773,32145,
30R,72989,482254,,0,96539,32145,
30R,72992,484598,,0,96774,32145,
30R,72989,482255,,0,96540,32145,
30R,72989,482256,,0,96541,32145,
30R,72992,484599,,0,96775,32145,
30R,72989,482257,,0,96542,32145,
30R,72992,484600,,0,96776,32145,
30R,72990,482852,,0,96647,32145,
30R,72991,484846,,0,96786,32145,
30R,72989,482258,,0,96533,32145,
30R,72992,484601,,0,96767,32145,
30R,72989,482259,,0,96534,32145,
30R,72992,484602,,0,96768,32145,
30R,72992,484603,,0,96770,32146,
30R,72989,482260,,0,96536,32146,
30R,72989,482261,,0,96537,32146,
30R,72992,484604,,0,96771,32146,
30R,72991,484847,,0,96785,32145,
30R,72990,482853,,0,96646,32145,
30R,72992,484605,,0,96772,32146,
30R,72989,482262,,0,96538,32146,
30R,72992,484606,,0,96773,32146,
30R,72989,482263,,0,96539,32146,
30R,72992,484607,,0,96774,32146,
30R,72989,482264,,0,96540,32146,
30R,72992,484608,,0,96775,32146,
30R,72989,482265,,0,96541,32146,
30R,72991,484848,,0,96786,32145,
30R,72990,482854,,0,96647,32145,
30R,72989,482266,,0,96542,32146,
30R,72992,484609,,0,96776,32146,
30R,72989,482267,,0,96533,32146,
30R,72992,484610,,0,96767,32146,
30R,72992,484611,,0,96768,32146,
30R,72989,482268,,0,96534,32146,
30R,72989,482269,,0,96536,32146,
30R,72992,484612,,0,96770,32146,
30R,72990,482855,,0,96646,32145,
30R,72991,484849,,0,96785,32145,
30R,72992,484613,,0,96771,32146,
30R,72989,482270,,0,96537,32146,
30R,72989,482271,,0,96538,32146,
30R,72992,484614,,0,96772,32146,
30R,72989,482272,,0,96539,32146,
30R,72992,484615,,0,96773,32146,
30R,72989,482273,,0,96540,32145,
30R,72992,484616,,0,96774,32145,
30R,72990,482856,,0,96647,32146,
30R,72991,484850,,0,96786,32146,
30R,72992,484617,,0,96776,32145,
30R,72989,482274,,0,96542,32145,
30R,72989,482276,,0,96534,32145,
30R,72992,484618,,0,96768,32145,
30R,72990,482857,,0,96646,32146,
30R,72991,484851,,0,96785,32146,
30R,72992,484619,,0,96771,32145,
30R,72989,482278,,0,96537,32145,
30R,72991,484852,,0,96786,32146,
30R,72990,482858,,0,96647,32146,
30R,72992,484620,,0,96776,32145,
30R,72989,482279,,0,96542,32145,
30R,72990,482859,,0,96646,32146,
30R,72991,484853,,0,96785,32146,
30R,72989,482280,,0,96537,32145,
30R,72992,484621,,0,96771,32145,
30R,72991,484854,,0,96786,32146,
30R,72990,482860,,0,96647,32146,
30R,72992,484622,,0,96776,32145,
30R,72989,482281,,0,96542,32145,
30R,72991,484855,,0,96785,32146,
30R,72990,482861,,0,96646,32146,
30R,72992,484623,,0,96771,32145,
30R,72989,482282,,0,96537,32145,
30R,72990,482862,,1,96646,32098,
30R,72991,484819,,1,96785,32098,
30R,72992,484505,,1,96767,32098,
30R,72989,482161,,1,96533,32098,
30R,72989,482162,,1,96534,32098,
30R,72992,484506,,1,96768,32098,
30R,72992,484507,,1,96769,32098,
30R,72989,482163,,1,96702,32098,
30R,72992,484508,,1,96770,32098,
30R,72989,482164,,1,96536,32098,
30R,72991,484820,,1,96786,32098,
30R,72990,482863,,1,96647,32098,
30R,72989,482165,,1,96537,32098,
30R,72992,484509,,1,96771,32098,
30R,72992,484510,,1,96772,32098,
30R,72989,482166,,1,96538,32098,
30R,72992,484511,,1,96773,32098,
30R,72989,482167,,1,96539,32098,
30R,72992,484512,,1,96774,32098,
30R,72989,482168,,1,96540,32098,
30R,72990,482864,,1,96646,32098,
30R,72991,484821,,1,96785,32098,
30R,72989,482169,,1,96541,32098,
30R,72992,484513,,1,96775,32098,
30R,72989,482170,,1,96542,32098,
30R,72992,484514,,1,96776,32098,
30R,72989,482171,,1,96533,32098,
30R,72992,484515,,1,96767,32098,
30R,72992,484516,,1,96768,32098,
30R,72989,482172,,1,96534,32098,
30R,72990,482865,,1,96647,32098,
30R,72991,484822,,1,96786,32098,
30R,72992,484517,,1,96770,32148,
30R,72989,482173,,1,96536,32148,
30R,72992,484518,,1,96771,32147,
30R,72989,482174,,1,96537,32147,
30R,72989,482175,,1,96538,32147,
30R,72992,484519,,1,96772,32147,
30R,72992,484520,,1,96773,32147,
30R,72989,482176,,1,96539,32147,
30R,72991,484823,,1,96785,32147,
30R,72990,482866,,1,96646,32147,
30R,72992,484521,,1,96774,32147,
30R,72989,482177,,1,96540,32147,
30R,72992,484522,,1,96775,32147,
30R,72989,482178,,1,96541,32147,
30R,72992,484523,,1,96776,32147,
30R,72989,482179,,1,96542,32147,
30R,72989,482180,,1,96533,32147,
30R,72992,484524,,1,96767,32147,
30R,72991,484824,,1,96786,32147,
30R,72990,482867,,1,96647,32147,
30R,72989,482181,,1,96534,32147,
30R,72992,484525,,1,96768,32147,
30R,72989,482182,,1,96536,32147,
30R,72992,484526,,1,96770,32147,
30R,72992,484527,,1,96771,32147,
30R,72989,482183,,1,96537,32147,
30R,72992,484528,,1,96772,32147,
30R,72989,482184,,1,96538,32147,
30R,72990,482868,,1,96646,32147,
30R,72991,484825,,1,96785,32147,
30R,72992,484529,,1,96773,32147,
30R,72989,482185,,1,96539,32147,
30R,72989,482186,,1,96540,32147,
30R,72992,484530,,1,96774,32147,
30R,72992,484531,,1,96775,32147,
30R,72989,482187,,1,96541,32147,
30R,72989,482188,,1,96542,32147,
30R,72992,484532,,1,96776,32147,
30R,72991,484826,,1,96786,32147,
30R,72990,482869,,1,96647,32147,
30R,72992,484533,,1,96767,32147,
30R,72989,482189,,1,96533,32147,
30R,72992,484534,,1,96768,32147,
30R,72989,482190,,1,96534,32147,
30R,72992,484535,,1,96770,32147,
30R,72989,482191,,1,96536,32147,
30R,72992,484536,,1,96771,32147,
30R,72989,482192,,1,96537,32147,
30R,72991,484827,,1,96785,32147,
30R,72990,482870,,1,96646,32147,
30R,72992,484537,,1,96772,32147,
30R,72989,482193,,1,96538,32147,
30R,72989,482194,,1,96539,32147,
30R,72992,484538,,1,96773,32147,
30R,72989,482195,,1,96540,32147,
30R,72992,484539,,1,96774,32147,
30R,72992,484540,,1,96775,32147,
30R,72989,482196,,1,96541,32147,
30R,72990,482871,,1,96647,32147,
30R,72991,484828,,1,96786,32147,
30R,72992,484541,,1,96776,32147,
30R,72989,482197,,1,96542,32147,
30R,72992,484542,,1,96767,32147,
30R,72989,482198,,1,96533,32147,
30R,72992,484543,,1,96768,32147,
30R,72989,482199,,1,96534,32147,
30R,72992,484544,,1,96770,32148,
30R,72989,482200,,1,96536,32148,
30R,72991,484829,,1,96785,32147,
30R,72990,482872,,1,96646,32147,
30R,72992,484545,,1,96771,32148,
30R,72989,482201,,1,96537,32148,
30R,72989,482202,,1,96538,32148,
30R,72992,484546,,1,96772,32148,
30R,72992,484547,,1,96773,32148,
30R,72989,482203,,1,96539,32148,
30R,72989,482204,,1,96540,32148,
30R,72992,484548,,1,96774,32148,
30R,72990,482873,,1,96647,32147,
30R,72991,484830,,1,96786,32147,
30R,72989,482205,,1,96541,32148,
30R,72992,484549,,1,96775,32148,
30R,72989,482206,,1,96542,32148,
30R,72992,484550,,1,96776,32148,
30R,72989,482207,,1,96533,32148,
30R,72992,484551,,1,96767,32148,
30R,72989,482208,,1,96534,32148,
30R,72992,484552,,1,96768,32148,
30R,72991,484831,,1,96785,32147,
30R,72990,482874,,1,96646,32147,
30R,72992,484553,,1,96770,32148,
30R,72989,482209,,1,96536,32148,
30R,72992,484554,,1,96771,32148,
30R,72989,482210,,1,96537,32148,
30R,72989,482211,,1,96538,32148,
30R,72992,484555,,1,96772,32148,
30R,72992,484556,,1,96773,32148,
30R,72989,482212,,1,96539,32148,
30R,72991,484832,,1,96786,32148,
30R,72990,482875,,1,96647,32148,
30R,72992,484557,,1,96774,32147,
30R,72989,482213,,1,96540,32147,
30R,72992,484558,,1,96776,32147,
30R,72989,482214,,1,96542,32147,
30R,72991,484833,,1,96785,32148,
30R,72990,482876,,1,96646,32148,
30R,72992,484559,,1,96768,32147,
30R,72989,482215,,1,96534,32147,
30R,72992,484560,,1,96771,32147,
30R,72989,482216,,1,96537,32147,
30R,72990,482877,,1,96647,32148,
30R,72991,484834,,1,96786,32148,
30R,72989,482217,,1,96542,32147,
30R,72992,484561,,1,96776,32147,
30R,72991,484835,,1,96785,32148,
30R,72990,482878,,1,96646,32148,
30R,72992,484562,,1,96771,32147,
30R,72989,482218,,1,96537,32147,
30R,72991,484836,,1,96786,32148,
30R,72990,482879,,1,96647,32148,
30R,72989,482219,,1,96542,32149,
30R,72992,484563,,1,96776,32149,
501,72989,483927,,0,96807,32101,
501,72992,483940,,0,96816,32101,
501,72989,483928,,1,96821,32102,
501,72989,483929,,1,96820,32102,
501,72992,483941,,1,96832,32102,
501,72992,483942,,1,96833,32102,
502,72989,483930,,0,96809,32103,
502,72992,483943,,0,96818,32103,
502,72989,483931,,1,96721,32104,
502,72992,483944,,1,96766,32104,
503,72989,483932,,0,96726,32048,
503,72992,483945,,0,96730,32048,
503,72989,483933,,0,96726,32047,
503,72992,483946,,0,96730,32047,
503,72992,483949,,1,96731,32049,
503,72989,483934,,1,96727,32049,
503,72992,483947,,1,96731,32049,
503,72989,483935,,1,96727,32050,
503,72992,483948,,1,96731,32050,
504,72989,483936,,0,96822,32105,
504,72992,483950,,0,96834,32105,
504,72989,483937,,1,96720,32106,
504,72992,483951,,1,96765,32106,
505,72989,483938,,0,96823,32107,
505,72992,483952,,0,96835,32107,
505,72989,483939,,1,96732,32154,
505,72992,483953,,1,96753,32154,
580X,72989,481920,,0,96575,32113,
580X,72992,484463,,0,96598,32113,
580X,72989,481924,,0,96576,32113,
580X,72992,484466,,0,96759,32113,
580X,72989,481925,,0,96575,32113,
580X,72992,484467,,0,96598,32113,
580X,72989,481923,,0,96576,32137,
580X,72992,484465,,0,96759,32137,
580X,72989,481921,,0,96577,32137,
580X,72992,484464,,0,96599,32137,
580X,72989,481926,,0,96704,32113,
580X,72992,484468,,0,96760,32113,
580X,72989,481927,,0,96704,32113,
580X,72992,484469,,0,96760,32113,
580X,72989,481928,,0,96704,32113,
580X,72992,484470,,0,96760,32113,
580X,72989,481929,,1,96575,32112,
580X,72992,484455,,1,96598,32112,
580X,72989,481930,,1,96576,32112,
580X,72992,484456,,1,96759,32112,
580X,72989,481931,,1,96576,32112,
580X,72992,484457,,1,96759,32112,
580X,72989,481932,,1,96704,32112,
580X,72992,484458,,1,96760,32112,
580X,72989,483684,,1,96703,32112,
580X,72992,484461,,1,96717,32112,
580X,72989,481933,,1,96704,32112,
580X,72992,484459,,1,96760,32112,
580X,72989,483685,,1,96705,32112,
580X,72992,484462,,1,96718,32112,
580X,72989,481934,,1,96704,32112,
580X,72992,484460,,1,96760,32112,
601,72989,480882,,0,96824,32060,
601,72992,482815,,0,96627,32060,
601,72989,480883,,1,96704,32061,
601,72989,480884,,1,96703,32061,
601,72992,485104,,1,96760,32061,
601,72992,485105,,1,96717,32061,
602,72989,480888,,0,96811,32063,
602,72992,482818,,0,96806,32063,
602,72989,480889,,1,96704,32065,
602,72992,485106,,1,96760,32065,
602,72989,480890,30,1,96703,32064,
602,72992,485107,30,1,96717,32064,
603,72989,480894,,0,96825,32066,
603,72992,482821,,0,96812,32066,
603,72989,480895,,1,96569,32067,
603,72992,482822,,1,96756,32067,
604,72989,480898,,0,96825,32068,
604,72992,482823,,0,96812,32068,
604,72989,480899,,1,96827,32069,
604,72989,480900,,1,96826,32069,
604,72992,482824,,1,96836,32069,
604,72992,482841,,1,96837,32069,
605,72989,480904,,0,96829,32070,
605,72992,482825,,0,96813,32070,
605,72989,480905,,1,96719,32071,
605,72989,480906,,1,96828,32071,
605,72992,482826,,1,96764,32071,
605,72992,482842,,1,96838,32071,
606,72989,480910,,0,96829,32072,
606,72992,482827,,0,96813,32072,
606,72989,480911,,1,96561,32073,
606,72992,485108,,1,96750,32073,
607,72989,480914,,0,96809,32074,
607,72992,482829,,0,96818,32074,
607,72989,480915,,1,96810,32075,
607,72992,482830,,1,96819,32075,
608,72989,480918,,0,96811,32076,
608,72992,482831,,0,96806,32076,
608,72992,482832,,1,96758,32078,
608,72989,480919,,1,96701,32078,
608,72989,480920,,1,96571,32077,
608,72992,482833,,1,96714,32077,
609,72989,480924,,0,96807,32079,
609,72992,482834,,0,96816,32079,
609,72989,480925,,1,96808,32080,
609,72992,482836,,1,96817,32080,
610,72989,480928,,0,96830,32081,
610,72992,482837,,0,96814,32081,
610,72989,480929,,1,96840,32082,
610,72992,482838,,1,96815,32082,
611,72989,480932,,0,96830,32083,
611,72992,482839,,0,96814,32083,
611,72989,480933,,1,96831,32084,
611,72992,482840,,1,96839,32084,
54,72989,481897,AF,0,96570,32057,
54,72992,484450,AF,0,96757,32057,
54,72989,481898,,0,96570,32259,
54,72992,484451,,0,96757,32259,
54,72989,481899,AF,1,96571,32058,
54,72992,484452,AF,1,96758,32058,
54,72989,481900,C5,1,96571,32059,
54,72992,484453,C5,1,96758,32059,
54,72989,481901,C5,1,96571,32059,
54,72992,484454,C5,1,96758,32059,
2,72989,483961,,0,96733,32156,
2,72992,484382,,0,96754,32156,
2,72989,483960,,0,96733,32156,
2,72992,484381,,0,96754,32156,
2,72989,483959,,0,96733,32156,
2,72992,484380,,0,96754,32156,
2,72989,483956,,0,96732,32156,
2,72992,484378,,0,96753,32156,
2,72989,483955,,0,96732,32156,
2,72992,484377,,0,96753,32156,
2,72989,483962,,0,96732,32155,
2,72992,484383,,0,96753,32155,
53,72989,481889,,0,96568,32052,
53,72992,484442,,0,96755,32052,
53,72989,481890,,0,96568,32133,
53,72992,484443,,0,96755,32133,
53,72992,484444,,0,96755,32153,
53,72989,481891,,0,96568,32153,
53,72992,484447,,0,96756,32055,
53,72989,481894,,0,96569,32055,
53,72992,484448,,0,96756,32055,
53,72989,481895,,0,96569,32055,
53,72992,484449,,0,96756,32055,
53,72989,481896,,0,96569,32055,
53,72989,481892,,1,96568,32053,
53,72992,484445,,1,96755,32053,
53,72989,481893,,0,96569,32054,
53,72992,484446,,0,96756,32054,
8,72989,481661,,0,96693,32093,
8,72992,484483,,0,96613,32093,
8,72992,484484,,0,96614,32093,
8,72989,481662,,0,96694,32093,
8,72992,484485,,0,96615,32093,
8,72989,481663,,0,96695,32093,
8,72989,481664,,0,96696,32093,
8,72992,484486,,0,96616,32093,
8,72990,482929,,0,96841,32118,
8,72991,485168,,0,96846,32118,
8,72989,481666,,0,96693,32093,
8,72992,484487,,0,96613,32093,
8,72989,483682,,0,96694,32093,
8,72992,484503,,0,96614,32093,
8,72990,482930,,0,96655,32118,
8,72991,485169,,0,96847,32118,
8,72992,484488,,0,96615,32118,
8,72989,481667,,0,96695,32118,
8,72991,485170,,0,96847,32118,
8,72990,482931,,0,96655,32118,
8,72992,484489,,0,96613,32118,
8,72989,481668,,0,96693,32118,
8,72991,485171,,0,96846,32118,
8,72990,482932,,0,96841,32118,
8,72992,484490,,0,96615,32118,
8,72989,481669,,0,96695,32118,
8,72990,482933,,0,96841,32118,
8,72991,485172,,0,96846,32118,
8,72992,484491,,0,96613,32118,
8,72989,481670,,0,96693,32118,
8,72990,482934,,0,96655,32118,
8,72991,485173,,0,96847,32118,
8,72992,484492,,0,96615,32118,
8,72989,481671,,0,96695,32118,
8,72991,485174,,0,96847,32118,
8,72990,482935,,0,96655,32118,
8,72989,481672,,0,96693,32118,
8,72992,484493,,0,96613,32118,
8,72991,485175,,0,96846,32118,
8,72990,482936,,0,96841,32118,
8,72989,481673,,0,96695,32118,
8,72992,484494,,0,96615,32118,
8,72989,483683,,0,96700,32118,
8,72992,484504,,0,96713,32118,
8,72991,485176,,0,96846,32118,
8,72990,482937,,0,96841,32118,
8,72989,481674,,0,96693,32118,
8,72992,484495,,0,96613,32118,
8,72992,484501,,0,96714,32118,
8,72989,481680,,0,96701,32118,
8,72990,482938,,0,96655,32118,
8,72991,485177,,0,96847,32118,
8,72992,484496,,0,96615,32118,
8,72989,481675,,0,96695,32118,
8,72992,484497,,0,96713,32118,
8,72989,481676,,0,96700,32118,
8,72991,485178,,0,96847,32119,
8,72990,482939,,0,96655,32119,
8,72989,481677,,0,96693,32119,
8,72992,484498,,0,96613,32119,
8,72992,484499,,0,96714,32119,
8,72989,481678,,0,96701,32119,
8,72990,482940,,0,96841,32119,
8,72991,485179,,0,96846,32119,
8,72992,484500,,0,96615,32119,
8,72989,481679,,0,96695,32119,
8,72990,482941,,0,96841,32119,
8,72991,485180,,0,96846,32119,
8,72989,481681,,0,96693,32119,
8,72992,484502,,0,96613,32119,
11,72989,481812,,0,96560,32013,
11,72992,484261,,0,96749,32013,
11,72989,481813,,0,96560,32013,
11,72992,484262,,0,96749,32013,
11,72989,481814,,0,96560,32124,
11,72992,484263,,0,96749,32124,
11,72989,483914,,0,96561,32124,
11,72992,484266,,0,96750,32124,
11,72989,481815,,0,96561,32013,
11,72992,484264,,0,96750,32013,
11,72989,481816,,0,96561,32013,
11,72992,484265,,0,96750,32013,
11,72989,481817,,1,96560,32111,
11,72992,484267,,1,96749,32111,
11,72989,481818,,1,96560,32111,
11,72992,484268,,1,96749,32111,
11,72989,483913,,1,96560,32111,
11,72992,484272,,1,96749,32111,
11,72989,481819,,1,96561,32125,
11,72992,484269,,1,96750,32125,
11,72989,481820,,1,96561,32125,
11,72992,484270,,1,96750,32125,
11,72989,481821,,1,96561,32125,
11,72992,484271,,1,96750,32125,
14,72989,481935,97,0,96563,32026,
14,72992,484273,97,0,96592,32026,
14,72989,481936,97,0,96565,32026,
14,72992,484274,97,0,96593,32026,
14,72989,481937,97,0,96562,32026,
14,72992,484275,97,0,96594,32026,
14,72989,481938,97,0,96564,32026,
14,72992,484276,97,0,96595,32026,
14,72989,481939,97,0,96563,32139,
14,72992,484277,97,0,96592,32139,
14,72991,484702,97,0,96777,32139,
14,72990,483280,97,0,96659,32139,
14,72992,484278,97,0,96593,32139,
14,72989,481940,97,0,96565,32139,
14,72989,481941,97,0,96562,32139,
14,72992,484279,97,0,96594,32139,
14,72991,484703,97,0,96778,32139,
14,72990,483281,97,0,96660,32139,
14,72992,484280,97,0,96592,32139,
14,72989,481942,97,0,96563,32139,
14,72991,484704,97,0,96777,32139,
14,72990,483282,97,0,96659,32139,
14,72992,484281,97,0,96594,32139,
14,72989,481943,97,0,96562,32139,
14,72991,484705,97,0,96778,32139,
14,72990,483283,97,0,96660,32139,
14,72989,481944,97,0,96563,32139,
14,72992,484282,97,0,96592,32139,
14,72990,483284,97,0,96659,32139,
14,72991,484706,97,0,96777,32139,
14,72989,481945,97,0,96562,32139,
14,72992,484283,97,0,96594,32139,
14,72990,483285,97,0,96660,32139,
14,72991,484707,97,0,96778,32139,
14,72992,484284,97,0,96592,32139,
14,72989,481946,97,0,96563,32139,
14,72991,484708,97,0,96777,32139,
14,72990,483286,97,0,96659,32139,
14,72992,489059,97,0,96742,32139,
14,72989,489058,97,0,96698,32139,
14,72989,481947,97,0,96562,32139,
14,72992,484285,97,0,96594,32139,
14,72990,483287,97,0,96660,32139,
14,72991,484709,97,0,96778,32139,
14,72989,481950,97,0,96699,32140,
14,72992,484288,97,0,96741,32140,
14,72989,481948,97,0,96563,32140,
14,72992,484286,97,0,96592,32140,
14,72991,484710,97,0,96777,32139,
14,72990,483288,97,0,96659,32139,
14,72989,481951,97,0,96698,32140,
14,72992,484289,97,0,96742,32140,
14,72992,484290,97,0,96594,32140,
14,72989,481952,97,0,96562,32140,
14,72990,483289,97,0,96660,32139,
14,72991,484711,97,0,96778,32139,
14,72989,481953,97,0,96699,32139,
14,72992,484291,97,0,96741,32139,
14,72989,481954,97,0,96563,32139,
14,72992,484292,97,0,96592,32139,
14,72991,484712,97,0,96777,32139,
14,72990,483290,97,0,96659,32139,
14,72992,484293,97,0,96594,32139,
14,72989,481956,97,0,96562,32139,
14,72990,483291,97,0,96660,32139,
14,72991,484713,97,0,96778,32139,
14,72989,481957,97,0,96563,32139,
14,72992,484294,97,0,96592,32139,
14,72990,483292,97,0,96659,32139,
14,72991,484714,97,0,96777,32139,
14,72991,484715,97,0,96778,32139,
14,72992,484295,97,0,96594,32139,
14,72990,483293,97,0,96660,32139,
14,72989,481958,97,0,96562,32139,
14,72989,481959,,0,96562,32025,
14,72992,484296,,0,96594,32025,
14,72989,481960,,0,96564,32025,
14,72992,484297,,0,96595,32025,
14,72992,484298,,0,96592,32025,
14,72989,481961,,0,96563,32025,
14,72992,484299,,0,96593,32025,
14,72989,481962,,0,96565,32025,
14,72990,483294,,0,96660,32142,
14,72991,484716,,0,96778,32142,
14,72992,484300,,0,96594,32025,
14,72989,481963,,0,96562,32025,
14,72989,481964,,0,96564,32025,
14,72992,484301,,0,96595,32025,
14,72990,483295,,0,96659,32141,
14,72991,484717,,0,96777,32141,
14,72992,484302,,0,96592,32141,
14,72989,481965,,0,96563,32141,
14,72992,484303,,0,96593,32141,
14,72989,481966,,0,96565,32141,
14,72991,484718,,0,96778,32141,
14,72990,483296,,0,96660,32141,
14,72992,484304,,0,96594,32141,
14,72989,481967,,0,96562,32141,
14,72991,484719,,0,96777,32141,
14,72990,483297,,0,96659,32141,
14,72989,481968,,0,96563,32141,
14,72992,484305,,0,96592,32141,
14,72990,483298,,0,96660,32141,
14,72991,484720,,0,96778,32141,
14,72992,484306,,0,96594,32141,
14,72989,481969,,0,96562,32141,
14,72990,483299,,0,96659,32141,
14,72991,484721,,0,96777,32141,
14,72989,481970,,0,96563,32141,
14,72992,484307,,0,96592,32141,
14,72990,483300,,0,96660,32141,
14,72991,484722,,0,96778,32141,
14,72992,484308,,0,96594,32141,
14,72989,481971,,0,96562,32141,
14,72991,484723,,0,96777,32141,
14,72990,483301,,0,96659,32141,
14,72989,482006,,0,96563,32141,
14,72992,484318,,0,96592,32141,
14,72989,482007,,0,96698,32141,
14,72992,484319,,0,96742,32141,
14,72991,484724,,0,96778,32141,
14,72990,483302,,0,96660,32141,
14,72989,482008,,0,96562,32141,
14,72992,484320,,0,96594,32141,
14,72989,481973,,0,96699,32141,
14,72992,484309,,0,96741,32141,
14,72990,483303,,0,96659,32141,
14,72991,484725,,0,96777,32141,
14,72992,484310,,0,96592,32142,
14,72989,481974,,0,96563,32142,
14,72992,484311,,0,96742,32142,
14,72989,481975,,0,96698,32142,
14,72990,483304,,0,96660,32141,
14,72991,484726,,0,96778,32141,
14,72989,481976,,0,96562,32142,
14,72992,484312,,0,96594,32142,
14,72989,481977,,0,96699,32142,
14,72992,484313,,0,96741,32142,
14,72991,484727,,0,96777,32141,
14,72990,483305,,0,96659,32141,
14,72989,481978,,0,96563,32141,
14,72992,484314,,0,96592,32141,
14,72990,483306,,0,96660,32141,
14,72991,484728,,0,96778,32141,
14,72989,481979,,0,96562,32141,
14,72992,484315,,0,96594,32141,
14,72990,483307,,0,96659,32141,
14,72991,484729,,0,96777,32141,
14,72992,484316,,0,96592,32141,
14,72989,481980,,0,96563,32141,
14,72991,484730,,0,96778,32141,
14,72990,483308,,0,96660,32141,
14,72992,484317,,0,96594,32141,
14,72989,481981,,0,96562,32141,
14,72989,481983,,1,96562,32100,
14,72992,484321,,1,96594,32100,
14,72989,481984,,1,96564,32100,
14,72992,484322,,1,96595,32100,
14,72989,481985,,1,96563,32100,
14,72992,484323,,1,96592,32100,
14,72989,481986,,1,96565,32100,
14,72992,484324,,1,96593,32100,
14,72991,484731,,1,96778,32144,
14,72990,483309,,1,96660,32144,
14,72989,481987,,1,96562,32100,
14,72992,484325,,1,96594,32100,
14,72989,481988,,1,96564,32100,
14,72992,484326,,1,96595,32100,
14,72991,484732,,1,96777,32143,
14,72990,483310,,1,96659,32143,
14,72989,481989,,1,96563,32143,
14,72992,484327,,1,96592,32143,
14,72989,481990,,1,96565,32143,
14,72992,484328,,1,96593,32143,
14,72990,483311,,1,96660,32143,
14,72991,484733,,1,96778,32143,
14,72989,481991,,1,96562,32143,
14,72992,484329,,1,96594,32143,
14,72991,484734,,1,96777,32143,
14,72990,483312,,1,96659,32143,
14,72992,484330,,1,96592,32143,
14,72989,481992,,1,96563,32143,
14,72991,484735,,1,96778,32143,
14,72990,483313,,1,96660,32143,
14,72992,484331,,1,96594,32143,
14,72989,481993,,1,96562,32143,
14,72991,484736,,1,96777,32143,
14,72990,483314,,1,96659,32143,
14,72989,481994,,1,96563,32143,
14,72992,484332,,1,96592,32143,
14,72990,483315,,1,96660,32143,
14,72991,484737,,1,96778,32143,
14,72989,481995,,1,96562,32143,
14,72992,484333,,1,96594,32143,
14,72990,483316,,1,96659,32143,
14,72991,484738,,1,96777,32143,
14,72992,484334,,1,96592,32143,
14,72989,481996,,1,96563,32143,
14,72992,484335,,1,96742,32143,
14,72989,481997,,1,96698,32143,
14,72991,484739,,1,96778,32143,
14,72990,483317,,1,96660,32143,
14,72992,484336,,1,96594,32143,
14,72989,481998,,1,96562,32143,
14,72992,484337,,1,96741,32144,
14,72989,481999,,1,96699,32144,
14,72991,484740,,1,96777,32143,
14,72990,483318,,1,96659,32143,
14,72992,484338,,1,96592,32144,
14,72989,482000,,1,96563,32144,
14,72989,482001,,1,96698,32144,
14,72992,484339,,1,96742,32144,
14,72990,483319,,1,96660,32143,
14,72991,484741,,1,96778,32143,
14,72992,484340,,1,96594,32144,
14,72989,482002,,1,96562,32144,
14,72989,482003,,1,96699,32143,
14,72992,484341,,1,96741,32143,
14,72991,484742,,1,96777,32143,
14,72990,483320,,1,96659,32143,
14,72989,482004,,1,96563,32143,
14,72992,484342,,1,96592,32143,
14,72991,484743,,1,96778,32143,
14,72990,483321,,1,96660,32143,
14,72992,484343,,1,96594,32143,
14,72989,482005,,1,96562,32143,
70X,72989,481902,,0,96572,32085,
70X,72992,484471,,0,96761,32085,
70X,72989,481903,,0,96573,32085,
70X,72992,484472,,0,96762,32085,
70X,72989,481904,,0,96574,32085,
70X,72992,484473,,0,96763,32085,
70X,72989,481905,,0,96572,32086,
70X,72992,484474,,0,96761,32086,
70X,72989,481906,,0,96573,32086,
70X,72992,484475,,0,96762,32086,
70X,72989,481907,,0,96574,32086,
70X,72992,484476,,0,96763,32086,
70X,72989,481908,,1,96719,32088,
70X,72992,484477,,1,96764,32088,
70X,72989,481909,,1,96720,32088,
70X,72992,484478,,1,96765,32088,
70X,72989,481910,,1,96721,32088,
70X,72992,484479,,1,96766,32088,
70X,72989,481911,,1,96719,32088,
70X,72992,484480,,1,96764,32088,
70X,72989,481912,,1,96720,32087,
70X,72992,484481,,1,96765,32087,
70X,72989,481913,,1,96721,32087,
70X,72992,484482,,1,96766,32087,
20X,72989,481914,,0,96575,32108,
20X,72992,484384,,0,96598,32108,
20X,72989,481916,,0,96577,32108,
20X,72992,484385,,0,96599,32108,
20X,72989,481917,,1,96703,32109,
20X,72992,484386,,1,96717,32109,
20X,72989,481918,,1,96705,32109,
20X,72992,484387,,1,96718,32109,
15,72989,481856,,0,96566,32130,
15,72992,484344,,0,96751,32130,
15,72992,484345,,0,96752,32130,
15,72989,481857,,0,96567,32130,
15,72990,483040,,0,96661,32130,
15,72991,484744,,0,96780,32130,
15,72992,484346,,0,96751,32130,
15,72989,481858,,0,96566,32130,
15,72992,484347,,0,96752,32130,
15,72989,481859,,0,96567,32130,
15,72991,484745,,0,96780,32130,
15,72990,483041,,0,96661,32130,
15,72989,481860,,0,96566,32130,
15,72992,484348,,0,96751,32130,
15,72992,484349,,0,96752,32130,
15,72989,481861,,0,96567,32130,
15,72990,483042,,0,96661,32130,
15,72991,484746,,0,96780,32130,
15,72989,481862,,0,96566,32130,
15,72992,484350,,0,96751,32130,
15,72992,484351,,0,96752,32130,
15,72989,481863,,0,96567,32130,
15,72990,483043,,0,96661,32130,
15,72991,484747,,0,96780,32130,
15,72989,481864,,0,96566,32130,
15,72992,484352,,0,96751,32130,
15,72989,481865,,0,96567,32130,
15,72992,484353,,0,96752,32130,
15,72990,483044,,0,96661,32130,
15,72991,484748,,0,96780,32130,
15,72989,481866,,0,96566,32132,
15,72992,484354,,0,96751,32132,
15,72989,481867,,0,96567,32132,
15,72992,484355,,0,96752,32132,
15,72990,483045,,0,96661,32130,
15,72991,484749,,0,96780,32130,
15,72989,481868,,0,96566,32132,
15,72992,484356,,0,96751,32132,
15,72989,481869,,0,96567,32132,
15,72992,484357,,0,96752,32132,
15,72991,484750,,0,96780,32130,
15,72990,483046,,0,96661,32130,
15,72992,484358,,0,96751,32132,
15,72989,481870,,0,96566,32132,
15,72989,481871,,0,96567,32132,
15,72992,484359,,0,96752,32132,
15,72990,483047,,0,96661,32130,
15,72991,484751,,0,96780,32130,
15,72989,481872,,0,96566,32132,
15,72992,484360,,0,96751,32132,
15,72992,484361,,0,96752,32132,
15,72989,481873,,0,96567,32132,
15,72991,484752,,0,96780,32130,
15,72990,483048,,0,96661,32130,
15,72989,481874,,0,96566,32132,
15,72992,484362,,0,96751,32132,
15,72992,484363,,0,96752,32132,
15,72989,481875,,0,96567,32132,
15,72990,483049,,0,96661,32130,
15,72991,484753,,0,96780,32130,
15,72992,484364,,0,96751,32132,
15,72989,481876,,0,96566,32132,
15,72989,481877,,0,96567,32132,
15,72992,484365,,0,96752,32132,
15,72990,483050,,0,96661,32130,
15,72991,484754,,0,96780,32130,
15,72992,484366,,0,96751,32132,
15,72989,481878,,0,96566,32132,
15,72989,481879,,0,96567,32132,
15,72992,484367,,0,96752,32132,
15,72991,484755,,0,96780,32130,
15,72990,483051,,0,96661,32130,
15,72992,484368,,0,96751,32130,
15,72989,481880,,0,96566,32130,
15,72992,484369,,0,96752,32130,
15,72989,481881,,0,96567,32130,
15,72991,484756,,0,96780,32130,
15,72990,483052,,0,96661,32130,
15,72992,484370,,0,96751,32130,
15,72989,481882,,0,96566,32130,
15,72989,481883,,0,96567,32130,
15,72992,484371,,0,96752,32130,
15,72990,483053,,0,96661,32131,
15,72991,484757,,0,96780,32131,
15,72992,484373,,0,96751,32131,
15,72989,481885,,0,96566,32131,
15,72992,484372,,0,96752,32131,
15,72989,481884,,0,96567,32131,
15,72990,483054,,0,96661,32131,
15,72991,484758,,0,96780,32131,
15,72992,484374,,0,96752,32131,
15,72989,481886,,0,96567,32131,
15,72991,484759,,0,96780,32131,
15,72990,483055,,0,96661,32131,
15,72992,484375,,0,96752,32131,
15,72989,481887,,0,96567,32131,
15,72992,484376,,0,96752,32131,
15,72989,481888,,0,96567,32131,
3,72989,481634,,0,96695,32116,
3,72992,484388,,0,96615,32116,
3,72989,481635,,0,96696,32035,
3,72992,484389,,0,96616,32035,
3,72989,481636,,0,96693,32035,
3,72992,484390,,0,96613,32035,
3,72989,481637,,0,96694,32035,
3,72992,484391,,0,96614,32035,
3,72992,484392,,0,96615,32035,
3,72989,481638,,0,96695,32035,
3,72990,484012,,0,96655,32116,
3,72991,485186,,0,96847,32116,
3,72989,481639,,0,96696,32116,
3,72992,484393,,0,96616,32116,
3,72991,485187,,0,96846,32116,
3,72990,484013,,0,96841,32116,
3,72992,484394,,0,96613,32116,
3,72989,481640,,0,96693,32116,
3,72991,485188,,0,96846,32116,
3,72990,484014,,0,96841,32116,
3,72992,484395,,0,96615,32116,
3,72989,481641,,0,96695,32116,
3,72991,485189,,0,96846,32116,
3,72990,484015,,0,96841,32116,
3,72991,485190,,0,96847,32116,
3,72990,484016,,0,96655,32116,
3,72989,481642,,0,96693,32116,
3,72992,484396,,0,96613,32116,
3,72990,484017,,0,96655,32116,
3,72991,485191,,0,96847,32116,
3,72989,481643,,0,96695,32117,
3,72992,484397,,0,96615,32117,
3,72990,484018,,0,96655,32116,
3,72991,485192,,0,96847,32116,
3,72990,484019,,0,96841,32116,
3,72991,485193,,0,96846,32116,
3,72992,484398,,0,96613,32117,
3,72989,481644,,0,96693,32117,
3,72991,485194,,0,96846,32116,
3,72990,484020,,0,96841,32116,
3,72992,484399,,0,96615,32117,
3,72989,481645,,0,96695,32117,
3,72991,485195,,0,96846,32116,
3,72990,484021,,0,96841,32116,
3,72992,484400,,0,96713,32117,
3,72989,481646,,0,96700,32117,
3,72990,484022,,0,96655,32116,
3,72991,485196,,0,96847,32116,
3,72989,481647,,0,96693,32117,
3,72992,484401,,0,96613,32117,
3,72991,485197,,0,96847,32116,
3,72990,484023,,0,96655,32116,
3,72992,484402,,0,96714,32117,
3,72989,481648,,0,96701,32117,
3,72989,481649,,0,96695,32117,
3,72992,484403,,0,96615,32117,
3,72990,484024,,0,96655,32116,
3,72991,485198,,0,96847,32116,
3,72989,481650,,0,96700,32117,
3,72992,484404,,0,96713,32117,
3,72991,485199,,0,96846,32116,
3,72990,484025,,0,96841,32116,
3,72992,484405,,0,96613,32117,
3,72989,481651,,0,96693,32117,
3,72991,485200,,0,96846,32116,
3,72990,484026,,0,96841,32116,
3,72992,484406,,0,96714,32117,
3,72989,481652,,0,96701,32117,
3,72989,481653,,0,96695,32116,
3,72992,484407,,0,96615,32116,
3,72991,485201,,0,96846,32116,
3,72990,484046,,0,96841,32116,
3,72992,484408,,0,96713,32116,
3,72989,481654,,0,96700,32116,
3,72990,484047,,0,96655,32116,
3,72991,485202,,0,96847,32116,
3,72992,484409,,0,96613,32116,
3,72989,481655,,0,96693,32116,
3,72990,484048,,0,96655,32116,
3,72991,485203,,0,96847,32116,
3,72989,481656,,0,96695,32116,
3,72992,484410,,0,96615,32116,
3,72991,485181,,0,96738,32116,
3,72990,484000,,0,96657,32116,
3,72989,481657,,0,96555,32116,
3,72992,484411,,0,96855,32116,
3,72990,484001,,0,96656,32116,
3,72991,485182,,0,96779,32116,
3,72992,484412,,0,96615,32116,
3,72989,481658,,0,96695,32116,
3,72991,485183,,0,96738,32116,
3,72990,484002,,0,96657,32116,
3,72992,484413,,0,96855,32116,
3,72989,481659,,0,96555,32116,
3,72990,484003,,0,96656,32116,
3,72991,485184,,0,96779,32116,
3,72992,484414,,0,96615,32116,
3,72989,481660,,0,96695,32116,
3,72990,484004,,0,96657,32116,
3,72991,485185,,0,96738,32116,
3,72989,482283,,1,96695,32151,
3,72992,484415,,1,96615,32151,
3,72989,482284,,1,96696,32150,
3,72992,484416,,1,96616,32150,
3,72989,482285,,1,96693,32150,
3,72992,484417,,1,96613,32150,
3,72992,484418,,1,96614,32150,
3,72989,482286,,1,96694,32150,
3,72990,484029,,1,96655,32151,
3,72991,485209,,1,96847,32151,
3,72992,484419,,1,96615,32150,
3,72989,482287,,1,96695,32150,
3,72989,482288,,1,96696,32151,
3,72992,484420,,1,96616,32151,
3,72991,485210,,1,96846,32151,
3,72990,484030,,1,96841,32151,
3,72989,482289,,1,96693,32151,
3,72992,484421,,1,96613,32151,
3,72991,485211,,1,96846,32151,
3,72990,484031,,1,96841,32151,
3,72991,485212,,1,96846,32151,
3,72990,484032,,1,96841,32151,
3,72992,484422,,1,96615,32151,
3,72989,482291,,1,96695,32151,
3,72991,485213,,1,96847,32151,
3,72990,484033,,1,96655,32151,
3,72989,482293,,1,96693,32151,
3,72992,484423,,1,96613,32151,
3,72991,485214,,1,96847,32151,
3,72990,484034,,1,96655,32151,
3,72991,485215,,1,96847,32151,
3,72990,484035,,1,96655,32151,
3,72992,484424,,1,96615,32152,
3,72989,482294,,1,96695,32152,
3,72991,485216,,1,96846,32151,
3,72990,484036,,1,96841,32151,
3,72992,484425,,1,96613,32152,
3,72989,482295,,1,96693,32152,
3,72990,484037,,1,96841,32151,
3,72991,485217,,1,96846,32151,
3,72990,484038,,1,96841,32151,
3,72991,485218,,1,96846,32151,
3,72989,482296,,1,96695,32152,
3,72992,484426,,1,96615,32152,
3,72989,482297,,1,96700,32152,
3,72992,484427,,1,96713,32152,
3,72990,484039,,1,96655,32151,
3,72991,485219,,1,96847,32151,
3,72989,482309,,1,96693,32152,
3,72992,484439,,1,96613,32152,
3,72991,485220,,1,96847,32151,
3,72990,484040,,1,96655,32151,
3,72992,484428,,1,96714,32152,
3,72989,482298,,1,96701,32152,
3,72990,484041,,1,96655,32151,
3,72991,485221,,1,96847,32151,
3,72992,484440,,1,96615,32152,
3,72989,482310,,1,96695,32152,
3,72992,484429,,1,96713,32152,
3,72989,482299,,1,96700,32152,
3,72990,484042,,1,96841,32151,
3,72991,485222,,1,96846,32151,
3,72992,484441,,1,96613,32152,
3,72989,482311,,1,96693,32152,
3,72990,484043,,1,96841,32151,
3,72991,485223,,1,96846,32151,
3,72992,484430,,1,96714,32152,
3,72989,482300,,1,96701,32152,
3,72990,484049,,1,96841,32151,
3,72991,485224,,1,96846,32151,
3,72989,482301,,1,96695,32151,
3,72992,484431,,1,96615,32151,
3,72989,482302,,1,96700,32151,
3,72992,484432,,1,96713,32151,
3,72991,485225,,1,96847,32151,
3,72990,484050,,1,96655,32151,
3,72992,484433,,1,96613,32151,
3,72989,482303,,1,96693,32151,
3,72991,485226,,1,96847,32151,
3,72990,484051,,1,96655,32151,
3,72990,484007,,1,96657,32151,
3,72991,485204,,1,96738,32151,
3,72992,484434,,1,96615,32151,
3,72989,482304,,1,96695,32151,
3,72991,485205,,1,96779,32151,
3,72990,484008,,1,96656,32151,
3,72992,484435,,1,96855,32151,
3,72989,482305,,1,96555,32151,
3,72990,484009,,1,96657,32151,
3,72991,485206,,1,96738,32151,
3,72989,482306,,1,96695,32151,
3,72992,484436,,1,96615,32151,
3,72990,484010,,1,96656,32151,
3,72991,485207,,1,96779,32151,
3,72989,482307,,1,96555,32151,
3,72992,484437,,1,96855,32151,
3,72990,484011,,1,96657,32151,
3,72991,485208,,1,96738,32151,
3,72989,482308,,1,96695,32151,
3,72992,484438,,1,96615,32151,
1,72989,481611,,0,96563,31999,
1,72992,484110,,0,96592,31999,
1,72989,481612,,0,96565,31999,
1,72992,484111,,0,96593,31999,
1,72992,484112,,0,96594,31999,
1,72989,481613,,0,96562,31999,
1,72992,484113,,0,96595,31999,
1,72989,481614,,0,96564,31999,
1,72990,482881,,0,96659,31999,
1,72991,484624,,0,96777,31999,
1,72992,484114,,0,96592,31999,
1,72989,481615,,0,96563,31999,
1,72989,481616,,0,96565,31999,
1,72992,484115,,0,96593,31999,
1,72990,482882,,0,96660,31999,
1,72991,484625,,0,96778,31999,
1,72989,481617,,0,96562,31999,
1,72992,484116,,0,96594,31999,
1,72991,484626,,0,96777,31999,
1,72990,482883,,0,96659,31999,
1,72992,484117,,0,96592,31999,
1,72989,481618,,0,96563,31999,
1,72991,484627,,0,96778,31999,
1,72990,482884,,0,96660,31999,
1,72992,484118,,0,96594,31999,
1,72989,481619,,0,96562,31999,
1,72990,482885,,0,96659,31999,
1,72991,484628,,0,96777,31999,
1,72992,484119,,0,96592,31999,
1,72989,481620,,0,96563,31999,
1,72991,484629,,0,96778,31999,
1,72990,482886,,0,96660,31999,
1,72992,484120,,0,96594,31999,
1,72989,481621,,0,96562,31999,
1,72991,484630,,0,96777,31999,
1,72990,482887,,0,96659,31999,
1,72989,481622,,0,96563,31999,
1,72992,484121,,0,96592,31999,
1,72991,484631,,0,96778,31999,
1,72990,482888,,0,96660,31999,
1,72989,481623,,0,96562,31999,
1,72992,484122,,0,96594,31999,
1,72989,481624,,0,96699,31999,
1,72992,484123,,0,96741,31999,
1,72990,482889,,0,96659,31999,
1,72991,484632,,0,96777,31999,
1,72989,481625,,0,96563,31999,
1,72992,484124,,0,96592,31999,
1,72989,481626,,0,96698,31999,
1,72992,484125,,0,96742,31999,
1,72990,482890,,0,96660,31999,
1,72991,484633,,0,96778,31999,
1,72989,481627,,0,96562,31999,
1,72992,484126,,0,96594,31999,
1,72989,481628,,0,96699,31999,
1,72992,484127,,0,96741,31999,
1,72991,484634,,0,96777,31999,
1,72990,482891,,0,96659,31999,
1,72992,484128,,0,96592,31999,
1,72989,481629,,0,96563,31999,
1,72991,484635,,0,96778,31999,
1,72990,482892,,0,96660,31999,
1,72992,484129,,0,96594,31999,
1,72989,481630,,0,96562,31999,
1,72990,482893,,0,96659,31999,
1,72991,484636,,0,96777,31999,
1,72992,484130,,0,96592,31999,
1,72989,481631,,0,96563,31999,
1,72990,482894,,0,96660,31999,
1,72991,484637,,0,96778,31999,
1,72989,481632,,0,96562,31999,
1,72992,484131,,0,96594,31999,