trip_id,arrival_time,departure_time,stop_id,stop_sequence
5665172,05:15:00,05:15:00,12049767,1
5665172,,,12049773,2
5665172,,,12049774,3
5665172,,,12049764,4
5665172,,,12049785,5
5665172,,,12049761,6
5665172,,,12049760,7
5665172,,,12049758,8
5665172,,,12049757,9
5665172,05:25:00,05:25:00,12049775,10
5665172,,,12049755,11
5665172,,,12049777,12
5665172,,,12049778,13
5665172,,,12049779,14
5665172,05:30:00,05:30:00,12049780,15
5665172,,,12048594,16
5665172,,,12049781,17
5665172,,,12049782,18
5665172,,,12049748,19
5665172,,,12048587,20
5665172,,,12029946,21
5665172,05:35:00,05:35:00,12048586,22
5665172,,,12029937,23
5665172,,,12049784,24
5665172,,,1538,25
5665172,,,13519,26
5665172,,,12029923,27
5665172,06:25:00,06:25:00,12029942,28
5665173,18:00:00,18:00:00,12029942,1
5665173,18:23:00,18:23:00,12029923,2
5665173,,,1538,3
5665173,,,13519,4
5665173,19:00:00,19:00:00,12029943,5
5665173,19:05:00,19:05:00,12048594,6
5665173,19:15:00,19:15:00,12048589,7
6320388,09:55:00,09:55:00,12048588,1
6320388,,,12049768,2
6320388,,,12049769,3
6320388,,,12049770,4
6320388,,,12049771,5
6320388,10:00:00,10:00:00,12048590,6
6320388,,,12049772,7
6320388,10:10:00,10:10:00,12029927,8
6986380,09:15:00,09:15:00,12029927,1
6986380,,,12029925,2
6986380,,,12029928,3
6986380,,,12029929,4
6986380,09:30:00,09:30:00,12048592,5
6986380,,,12029939,6
6986380,,,12029941,7
6986380,,,12048595,8
6986380,,,12029932,9
6986380,09:50:00,09:50:00,12029950,10
5665176,07:30:00,07:30:00,12048586,1
5665176,,,12048587,2
5665176,,,12049748,3
5665176,,,12029936,4
5665176,,,12049749,5
5665176,,,12049750,6
5665176,07:35:00,07:35:00,12049751,7
5665176,,,12049752,8
5665176,,,12049753,9
5665176,,,12049754,10
5665176,,,12049755,11
5665176,07:40:00,07:40:00,12049756,12
5665176,,,12049757,13
5665176,,,12049758,14
5665176,,,12049759,15
5665176,,,12049761,16
5665176,,,12049763,17
5665176,,,12049764,18
5665176,,,12049765,19
5665176,,,12029951,20
5665176,,,12049766,21
5665176,08:00:00,08:00:00,12049767,22
5665176,,,12029954,23
5665176,08:30:00,08:30:00,12177453,24
5665176,,,12029950,25
5665176,08:40:00,08:40:00,12048588,26
5665176,,,12049768,27
5665176,,,12049769,28
5665176,,,12049770,29
5665176,,,12049771,30
5665176,08:50:00,08:50:00,12048590,31
5665176,,,12049772,32
5665176,09:10:00,09:10:00,12029927,33
5665175,12:00:00,12:00:00,12048586,1
5665175,,,12048587,2
5665175,,,12049748,3
5665175,,,12029936,4
5665175,,,12049749,5
5665175,,,12049750,6
5665175,12:10:00,12:10:00,12049751,7
5665175,,,12049752,8
5665175,,,12049753,9
5665175,,,12049754,10
5665175,,,12049755,11
5665175,12:15:00,12:15:00,12049756,12
5665175,,,12049757,13
5665175,,,12049758,14
5665175,,,12049759,15
5665175,,,12049761,16
5665175,,,12049763,17
5665175,,,12049764,18
5665175,,,12049765,19
5665175,,,12029951,20
5665175,,,12049766,21
5665175,12:30:00,12:30:00,12049767,22
5665175,,,12029954,23
5665175,12:50:00,12:50:00,12177453,24
5665175,,,12029950,25
5665175,13:00:00,13:00:00,12048588,26
5665175,,,12049768,27
5665175,,,12049769,28
5665175,,,12049770,29
5665175,,,12049771,30
5665175,13:10:00,13:10:00,12048590,31
5665175,,,12049772,32
5665175,13:20:00,13:20:00,12029927,33
6188110,10:20:00,10:20:00,12029927,1
6188110,,,12029925,2
6188110,,,12029928,3
6188110,,,12029929,4
6188110,10:33:00,10:33:00,12048592,5
6188110,,,12029939,6
6188110,,,12029941,7
6188110,,,12048595,8
6188110,,,12029932,9
6188110,,,12029950,10
6188110,10:50:00,10:50:00,12177453,11
6188110,,,12029954,12
6188110,,,12029951,13
6188110,,,12049767,14
6188110,,,12049773,15
6188110,,,12049774,16
6188110,,,12049764,17
6188110,,,12049785,18
6188110,,,12049761,19
6188110,,,12049760,20
6188110,,,12049758,21
6188110,,,12049757,22
6188110,,,12049775,23
6188110,,,12049776,24
6188110,,,12049777,25
6188110,,,12049778,26
6188110,,,12049779,27
6188110,,,12049780,28
6188110,,,12048594,29
6188110,,,12049781,30
6188110,,,12049782,31
6188110,,,12049748,32
6188110,,,12048587,33
6188110,,,12029946,34
6188110,11:16:00,11:16:00,12048586,35
6188111,13:20:00,13:20:00,12029927,1
6188111,,,12029925,2
6188111,,,12029928,3
6188111,,,12029929,4
6188111,13:32:00,13:32:00,12048592,5
6188111,,,12029939,6
6188111,,,12029941,7
6188111,,,12048595,8
6188111,,,12029932,9
6188111,,,12029950,10
6188111,13:50:00,13:50:00,12177453,11
6188111,,,12029954,12
6188111,,,12029951,13
6188111,,,12049767,14
6188111,,,12049773,15
6188111,,,12049774,16
6188111,,,12049764,17
6188111,,,12049785,18
6188111,,,12049761,19
6188111,,,12049760,20
6188111,,,12049758,21
6188111,,,12049757,22
6188111,,,12049775,23
6188111,,,12049776,24
6188111,,,12049777,25
6188111,,,12049778,26
6188111,,,12049779,27
6188111,,,12049780,28
6188111,,,12048594,29
6188111,,,12049781,30
6188111,,,12049782,31
6188111,,,12049748,32
6188111,,,12048587,33
6188111,,,12029946,34
6188111,14:20:00,14:20:00,12048586,35
6986378,17:50:00,17:50:00,12029927,1
6986378,,,12029925,2
6986378,,,12029928,3
6986378,,,12029929,4
6986378,18:02:00,18:02:00,12048592,5
6986378,,,12029939,6
6986378,,,12029941,7
6986378,,,12048595,8
6986378,,,12029932,9
6986378,,,12029950,10
6986378,,,12177453,11
6986378,,,12029954,12
6986378,,,12029951,13
6986378,,,12049767,14
6986378,,,12049773,15
6986378,,,12049774,16
6986378,,,12049764,17
6986378,,,12049785,18
6986378,,,12049761,19
6986378,,,12049760,20
6986378,,,12049758,21
6986378,,,12049757,22
6986378,,,12049775,23
6986378,,,12049776,24
6986378,,,12049777,25
6986378,,,12049778,26
6986378,,,12049779,27
6986378,,,12049780,28
6986378,,,12048594,29
6986378,,,12049781,30
6986378,,,12049782,31
6986378,,,12049748,32
6986378,,,12048587,33
6986378,,,12029946,34
6986378,19:00:00,19:00:00,12048586,35
5665181,17:30:00,17:30:00,12029950,1
5665181,17:35:00,17:35:00,12048588,2
5665181,17:45:00,17:45:00,12048590,3
5665181,17:50:00,17:50:00,12029927,4