route_id,service_id,trip_id,trip_headsign,direction_id,block_id,shape_id,trip_short_name
1,73048,3905,,0,38412,,
1,73047,3568,,0,38075,,
1,73048,3906,,0,38413,,
1,73047,3569,,0,38076,,
1,73048,3907,,0,38414,,
1,73047,3570,,0,38077,,
1,73048,3908,,0,38415,,
1,73047,3571,,0,38078,,
1,73048,3909,,0,38416,,
1,73047,3572,,0,38079,,
1,73048,3910,,0,38417,,
1,73047,3573,,0,38080,,
1,73048,3911,,0,38418,,
1,73047,3574,,0,38081,,
1,73048,3912,,0,38419,,
1,73047,3575,,0,38082,,
1,73048,3913,,0,38420,,
1,73047,3576,,0,38083,,
1,73048,3914,,0,38421,,
1,73047,3577,,0,38084,,
1,73048,3915,,0,38422,,
1,73047,3578,,0,38085,,
1,73048,3916,,0,38423,,
1,73047,3579,,0,38086,,
1,73048,3917,,0,38424,,
1,73047,3580,,0,38087,,
1,73048,3918,,0,38425,,
1,73047,3581,,0,38088,,
1,73048,3919,,0,38426,,
1,73047,3582,,0,38089,,
2,73047,3668,,0,38175,,
2,73048,3971,,0,38478,,
2,73047,3669,,0,38176,,
2,73047,3670,,0,38177,,
2,73048,3972,,0,38479,,
2,73047,3671,,0,38178,,
2,73048,3973,,0,38480,,
2,73047,3672,,0,38179,,
2,73048,3974,,0,38481,,
2,73047,3673,,0,38180,,
2,73047,3674,,0,38181,,
2,73048,3975,,0,38482,,
2,73047,3675,,0,38182,,
2,73048,3976,,0,38483,,
2,73047,3676,,0,38183,,
2,73047,3677,,0,38184,,
2,73048,3977,,0,38484,,
2,73047,3678,,0,38185,,
2,73048,3978,,0,38485,,
2,73047,3679,,0,38186,,
2,73047,3680,,0,38187,,
2,73048,3979,,0,38486,,
2,73047,3681,,0,38188,,
2,73048,3980,,0,38487,,
2,73047,3682,,0,38189,,
2,73047,3683,,0,38190,,
2,73048,3981,,0,38488,,
2,73047,3684,,0,38191,,
2,73048,3982,,0,38489,,
2,73047,3685,,0,38192,,
2,73047,3686,,0,38193,,
2,73048,3983,,0,38490,,
2,73047,3687,,0,38194,,
2,73048,3984,,0,38491,,
2,73047,3688,,0,38195,,
2,73047,3689,,0,38196,,
2,73048,3985,,0,38492,,
2,73047,3690,,0,38197,,
2,73047,3691,,0,38198,,
3,73047,3746,,0,38253,,
3,73048,3986,,0,38493,,
3,73047,3747,,0,38254,,
3,73047,3748,,0,38255,,
3,73048,3987,,0,38494,,
3,73047,3749,,0,38256,,
3,73048,3988,,0,38495,,
3,73047,3750,,0,38257,,
3,73047,3751,,0,38258,,
3,73048,3989,,0,38496,,
3,73047,3752,,0,38259,,
3,73048,3990,,0,38497,,
3,73047,3753,,0,38260,,
3,73047,3754,,0,38261,,
3,73048,3991,,0,38498,,
3,73047,3755,,0,38262,,
3,73048,3992,,0,38499,,
3,73047,3756,,0,38263,,
3,73047,3757,,0,38264,,
3,73048,3993,,0,38500,,
3,73047,3758,,0,38265,,
3,73048,3994,,0,38501,,
3,73047,3759,,0,38266,,
3,73047,3760,,0,38267,,
3,73048,3995,,0,38502,,
3,73047,3761,,0,38268,,
3,73048,3996,,0,38503,,
3,73047,3762,,0,38269,,
3,73047,3763,,0,38270,,
3,73048,3997,,0,38504,,
3,73047,3764,,0,38271,,
3,73048,3998,,0,38505,,
3,73047,3765,,0,38272,,
3,73047,3766,,0,38273,,
3,73048,3999,,0,38506,,
3,73047,3767,,0,38274,,
3,73048,4000,,0,38507,,
3,73047,3768,,0,38275,,
3,73047,3769,,0,38276,,
4,73047,3774,,0,38281,,
4,73047,3785,,0,38292,,
4,73047,3770,,0,38277,,
4,73048,4001,,0,38508,,
4,73047,3771,,0,38278,,
4,73048,4002,,0,38509,,
4,73047,3772,,0,38279,,
4,73047,3773,,0,38280,,
4,73048,4003,,0,38510,,
4,73048,4004,,0,38511,,
4,73047,3775,,0,38282,,
4,73047,3776,,0,38283,,
4,73048,4005,,0,38512,,
4,73047,3777,,0,38284,,
4,73048,4006,,0,38513,,
4,73047,3778,,0,38285,,
4,73047,3779,,0,38286,,
4,73048,4007,,0,38514,,
4,73047,3780,,0,38287,,
4,73048,4008,,0,38515,,
4,73047,3781,,0,38288,,
4,73047,3782,,0,38289,,
4,73048,4009,,0,38516,,
4,73047,3783,,0,38290,,
4,73048,4010,,0,38517,,
4,73047,3784,,0,38291,,
4,73048,4011,,0,38518,,
4,73047,3786,,0,38293,,
4,73048,4012,,0,38519,,
4,73047,3787,,0,38294,,
4,73047,3788,,0,38295,,
4,73048,4013,,0,38520,,
4,73047,3789,,0,38296,,
4,73048,4014,,0,38521,,
4,73047,3790,,0,38297,,
4,73047,3791,,0,38298,,
4,73048,4015,,0,38522,,
4,73047,3792,,0,38299,,
4,73047,3793,,0,38300,,
5,73047,3794,,0,38301,,
5,73048,4016,,0,38523,,
5,73047,3795,,0,38302,,
5,73047,3796,,0,38303,,
5,73048,4017,,0,38524,,
5,73047,3797,,0,38304,,
5,73048,4018,,0,38525,,
5,73047,3798,,0,38305,,
5,73047,3799,,0,38306,,
5,73048,4019,,0,38526,,
5,73047,3800,,0,38307,,
5,73048,4020,,0,38527,,
5,73047,3801,,0,38308,,
5,73047,3802,,0,38309,,
5,73048,4021,,0,38528,,
5,73047,3803,,0,38310,,
5,73048,4022,,0,38529,,
5,73047,3804,,0,38311,,
5,73047,3805,,0,38312,,
5,73048,4023,,0,38530,,
5,73047,3806,,0,38313,,
5,73048,4024,,0,38531,,
5,73047,3807,,0,38314,,
5,73047,3808,,0,38315,,
5,73048,4025,,0,38532,,
5,73047,3809,,0,38316,,
5,73048,4026,,0,38533,,
5,73047,3810,,0,38317,,
5,73047,3811,,0,38318,,
5,73048,4027,,0,38534,,
5,73047,3812,,0,38319,,
5,73048,4028,,0,38535,,
5,73047,3813,,0,38320,,
5,73047,3814,,0,38321,,
5,73048,4029,,0,38536,,
5,73047,3815,,0,38322,,
5,73048,4030,,0,38537,,
5,73047,3816,,0,38323,,
5,73047,3817,,0,38324,,
6,73047,3818,,0,38325,,
6,73048,4031,,0,38538,,
6,73047,3819,,0,38326,,
6,73048,4032,,0,38539,,
6,73047,3820,,0,38327,,
6,73048,4033,,0,38540,,
6,73047,3821,,0,38328,,
6,73048,4034,,0,38541,,
6,73047,3822,,0,38329,,
6,73048,4035,,0,38542,,
6,73048,4036,,0,38543,,
6,73047,3823,,0,38330,,
6,73048,4037,,0,38544,,
6,73047,3824,,0,38331,,
6,73048,4038,,0,38545,,
6,73047,3825,,0,38332,,
6,73048,4039,,0,38546,,
6,73047,3826,,0,38333,,
6,73048,4040,,0,38547,,
6,73047,3827,,0,38334,,
6,73048,4041,,0,38548,,
6,73047,3828,,0,38335,,
6,73048,4042,,0,38549,,
6,73047,3829,,0,38336,,
6,73048,4043,,0,38550,,
6,73047,3830,,0,38337,,
6,73048,4044,,0,38551,,
6,73047,3831,,0,38338,,
6,73048,4045,,0,38552,,
6,73047,3832,,0,38339,,
6,73047,3833,,0,38340,,
7,73047,3834,,0,38341,,
7,73048,4046,,0,38553,,
7,73047,3835,,0,38342,,
7,73048,4047,,0,38554,,
7,73047,3836,,0,38343,,
7,73048,4048,,0,38555,,
7,73047,3837,,0,38344,,
7,73048,4049,,0,38556,,
7,73047,3838,,0,38345,,
7,73048,4050,,0,38557,,
7,73047,3839,,0,38346,,
7,73048,4051,,0,38558,,
7,73047,3840,,0,38347,,
7,73048,4052,,0,38559,,
7,73047,3841,,0,38348,,
7,73048,4053,,0,38560,,
7,73047,3842,,0,38349,,
7,73048,4054,,0,38561,,
7,73047,3843,,0,38350,,
7,73048,4055,,0,38562,,
7,73047,3844,,0,38351,,
7,73048,4056,,0,38563,,
7,73047,3845,,0,38352,,
7,73048,4057,,0,38564,,
7,73047,3846,,0,38353,,
7,73048,4058,,0,38565,,
7,73047,3847,,0,38354,,
7,73048,4059,,0,38566,,
7,73047,3848,,0,38355,,
7,73048,4060,,0,38567,,
7,73047,3849,,0,38356,,
7,73048,4061,,0,38568,,
7,73047,3850,,0,38357,,
7,73048,4062,,0,38569,,
7,73047,3851,,0,38358,,
7,73048,4063,,0,38570,,
7,73047,3852,,0,38359,,
7,73048,4064,,0,38571,,
7,73047,3853,,0,38360,,
7,73048,4065,,0,38572,,
7,73047,3854,,0,38361,,
7,73048,4066,,0,38573,,
7,73047,3855,,0,38362,,
7,73048,4067,,0,38574,,
7,73047,3856,,0,38363,,
8,73047,3881,,0,38388,,
8,73048,4079,,0,38586,,
8,73047,3882,,0,38389,,
8,73047,3883,,0,38390,,
8,73048,4080,,0,38587,,
8,73047,3884,,0,38391,,
8,73047,3885,,0,38392,,
8,73047,3886,,0,38393,,
8,73048,4081,,0,38588,,
8,73047,3887,,0,38394,,
8,73047,3888,,0,38395,,
8,73048,4082,,0,38589,,
8,73047,3889,,0,38396,,
8,73047,3890,,0,38397,,
8,73048,4083,,0,38590,,
8,73047,3891,,0,38398,,
8,73047,3892,,0,38399,,
8,73048,4084,,0,38591,,
8,73047,3893,,0,38400,,
8,73048,4085,,0,38592,,
8,73047,3894,,0,38401,,
8,73047,3895,,0,38402,,
8,73048,4086,,0,38593,,
8,73047,3896,,0,38403,,
8,73047,3897,,0,38404,,
8,73048,4087,,0,38594,,
8,73047,3898,,0,38405,,
8,73047,3899,,0,38406,,
8,73047,3900,,0,38407,,
8,73048,4088,,0,38595,,
8,73047,3901,,0,38408,,
8,73047,3902,,0,38409,,
8,73048,4089,,0,38596,,
8,73047,3903,,0,38410,,
8,73047,3904,,0,38411,,
8,73047,3857,,1,38364,,
8,73047,3858,,1,38365,,
8,73048,4068,,1,38575,,
8,73047,3859,,1,38366,,
8,73048,4069,,1,38576,,
8,73047,3860,,1,38367,,
8,73047,3861,,1,38368,,
8,73047,3862,,1,38369,,
8,73048,4070,,1,38577,,
8,73047,3863,,1,38370,,
8,73047,3864,,1,38371,,
8,73048,4071,,1,38578,,
8,73047,3865,,1,38372,,
8,73047,3866,,1,38373,,
8,73048,4072,,1,38579,,
8,73047,3867,,1,38374,,
8,73047,3868,,1,38375,,
8,73048,4073,,1,38580,,
8,73047,3869,,1,38376,,
8,73048,4074,,1,38581,,
8,73047,3870,,1,38377,,
8,73047,3871,,1,38378,,
8,73048,4075,,1,38582,,
8,73047,3872,,1,38379,,
8,73047,3873,,1,38380,,
8,73048,4076,,1,38583,,
8,73047,3874,,1,38381,,
8,73047,3875,,1,38382,,
8,73047,3876,,1,38383,,
8,73048,4077,,1,38584,,
8,73047,3877,,1,38384,,
8,73047,3878,,1,38385,,
8,73048,4078,,1,38585,,
8,73047,3879,,1,38386,,
8,73047,3880,,1,38387,,
10,73048,3933,,0,38440,,
10,73048,3934,,0,38441,,
10,73049,4100,,0,38607,,
10,73048,3935,,0,38442,,
10,73049,4101,,0,38608,,
10,73048,3936,,0,38443,,
10,73049,4102,,0,38609,,
10,73048,3937,,0,38444,,
10,73049,4103,,0,38610,,
10,73048,3938,,0,38445,,
10,73049,4104,,0,38611,,
10,73048,3939,,0,38446,,
10,73049,4105,,0,38612,,
10,73048,3940,,0,38447,,
10,73049,4106,,0,38613,,
10,73048,3941,,0,38448,,
10,73049,4107,,0,38614,,
10,73048,3942,,0,38449,,
10,73049,4108,,0,38615,,
10,73048,3943,,0,38450,,
10,73049,4109,,0,38616,,
10,73048,3944,,0,38451,,
10,73049,4110,,0,38617,,
10,73048,3945,,0,38452,,
10,73047,3626,,0,38133,,
10,73047,3627,,0,38134,,
10,73047,3628,,0,38135,,
10,73047,3629,,0,38136,,
10,73047,3607,,0,38114,,
10,73047,3608,,0,38115,,
10,73047,3609,,0,38116,,
10,73047,3610,,0,38117,,
10,73047,3611,,0,38118,,
10,73047,3612,,0,38119,,
10,73047,3613,,0,38120,,
10,73047,3614,,0,38121,,
10,73047,3615,,0,38122,,
10,73047,3616,,0,38123,,
10,73047,3617,,0,38124,,
10,73047,3618,,0,38125,,
10,73047,3619,,0,38126,,
10,73047,3620,,0,38127,,
10,73047,3621,,0,38128,,
10,73047,3622,,0,38129,,
10,73047,3623,,0,38130,,
10,73047,3624,,0,38131,,
10,73047,3625,,0,38132,,
10,73047,3592,,1,38099,,
10,73047,3595,,1,38102,,
10,73047,3588,,1,38095,,
10,73047,3589,,1,38096,,
10,73047,3590,,1,38097,,
10,73047,3591,,1,38098,,
10,73047,3593,,1,38100,,
10,73047,3594,,1,38101,,
10,73047,3596,,1,38103,,
10,73047,3597,,1,38104,,
10,73047,3598,,1,38105,,
10,73047,3599,,1,38106,,
10,73047,3600,,1,38107,,
10,73047,3601,,1,38108,,
10,73047,3602,,1,38109,,
10,73047,3603,,1,38110,,
10,73047,3604,,1,38111,,
10,73047,3605,,1,38112,,
10,73047,3606,,1,38113,,
10,73047,3583,,1,38090,,
10,73047,3584,,1,38091,,
10,73048,3920,,1,38427,,
10,73047,3585,,1,38092,,
10,73047,3586,,1,38093,,
10,73048,3921,,1,38428,,
10,73047,3587,,1,38094,,
10,73049,4090,,1,38597,,
10,73048,3922,,1,38429,,
10,73049,4091,,1,38598,,
10,73048,3923,,1,38430,,
10,73049,4092,,1,38599,,
10,73048,3924,,1,38431,,
10,73048,3925,,1,38432,,
10,73049,4093,,1,38600,,
10,73048,3926,,1,38433,,
10,73049,4094,,1,38601,,
10,73048,3927,,1,38434,,
10,73049,4095,,1,38602,,
10,73049,4096,,1,38603,,
10,73048,3928,,1,38435,,
10,73048,3929,,1,38436,,
10,73049,4097,,1,38604,,
10,73048,3930,,1,38437,,
10,73049,4098,,1,38605,,
10,73048,3931,,1,38438,,
10,73049,4099,,1,38606,,
10,73048,3932,,1,38439,,
11,73049,4129,,0,38636,,
11,73048,3968,,0,38475,,
11,73048,3969,,0,38476,,
11,73048,3970,,0,38477,,
11,73047,3649,,0,38156,,
11,73047,3650,,0,38157,,
11,73048,3957,,0,38464,,
11,73047,3651,,0,38158,,
11,73048,3958,,0,38465,,
11,73047,3652,,0,38159,,
11,73049,4122,,0,38629,,
11,73048,3959,,0,38466,,
11,73047,3653,,0,38160,,
11,73048,3960,,0,38467,,
11,73049,4123,,0,38630,,
11,73047,3654,,0,38161,,
11,73049,4124,,0,38631,,
11,73048,3961,,0,38468,,
11,73047,3655,,0,38162,,
11,73047,3656,,0,38163,,
11,73049,4125,,0,38632,,
11,73048,3962,,0,38469,,
11,73047,3657,,0,38164,,
11,73048,3963,,0,38470,,
11,73049,4126,,0,38633,,
11,73047,3658,,0,38165,,
11,73047,3659,,0,38166,,
11,73049,4127,,0,38634,,
11,73048,3964,,0,38471,,
11,73047,3660,,0,38167,,
11,73049,4128,,0,38635,,
11,73048,3965,,0,38472,,
11,73047,3661,,0,38168,,
11,73047,3662,,0,38169,,
11,73048,3966,,0,38473,,
11,73047,3663,,0,38170,,
11,73047,3664,,0,38171,,
11,73049,4130,,0,38637,,
11,73048,3967,,0,38474,,
11,73047,3665,,0,38172,,
11,73049,4131,,0,38638,,
11,73047,3666,,0,38173,,
11,73047,3667,,0,38174,,
11,73047,3645,,1,38152,,
11,73047,3646,,1,38153,,
11,73047,3647,,1,38154,,
11,73047,3648,,1,38155,,
11,73047,3630,,1,38137,,
11,73047,3631,,1,38138,,
11,73049,4111,,1,38618,,
11,73048,3946,,1,38453,,
11,73047,3632,,1,38139,,
11,73049,4112,,1,38619,,
11,73048,3947,,1,38454,,
11,73047,3633,,1,38140,,
11,73049,4113,,1,38620,,
11,73048,3948,,1,38455,,
11,73047,3634,,1,38141,,
11,73049,4114,,1,38621,,
11,73048,3949,,1,38456,,
11,73047,3635,,1,38142,,
11,73048,3950,,1,38457,,
11,73049,4115,,1,38622,,
11,73047,3636,,1,38143,,
11,73047,3637,,1,38144,,
11,73049,4116,,1,38623,,
11,73048,3951,,1,38458,,
11,73047,3638,,1,38145,,
11,73048,3952,,1,38459,,
11,73049,4117,,1,38624,,
11,73047,3639,,1,38146,,
11,73048,3953,,1,38460,,
11,73049,4118,,1,38625,,
11,73047,3640,,1,38147,,
11,73047,3641,,1,38148,,
11,73048,3954,,1,38461,,
11,73049,4119,,1,38626,,
11,73047,3642,,1,38149,,
11,73047,3643,,1,38150,,
11,73048,3955,,1,38462,,
11,73049,4120,,1,38627,,
11,73047,3644,,1,38151,,
11,73048,3956,,1,38463,,
11,73049,4121,,1,38628,,
21,73047,3699,,0,38206,,
21,73047,3700,,0,38207,,
21,73047,3701,,0,38208,,
21,73047,3702,,0,38209,,
21,73047,3703,,0,38210,,
21,73047,3704,,0,38211,,
21,73047,3705,,0,38212,,
21,73047,3694,,1,38201,,
21,73047,3695,,1,38202,,
21,73047,3696,,1,38203,,
21,73047,3697,,1,38204,,
21,73047,3698,,1,38205,,
21,73047,3692,,1,38199,,
21,73047,3693,,1,38200,,
25,73047,3713,,0,38220,,
25,73047,3714,,0,38221,,
25,73047,3715,,0,38222,,
25,73047,3716,,0,38223,,
25,73047,3717,,0,38224,,
25,73047,3718,,0,38225,,
25,73047,3719,,0,38226,,
25,73047,3706,,1,38213,,
25,73047,3707,,1,38214,,
25,73047,3708,,1,38215,,
25,73047,3709,,1,38216,,
25,73047,3710,,1,38217,,
25,73047,3711,,1,38218,,
25,73047,3712,,1,38219,,
29,73047,3744,,0,38251,,
29,73047,3745,,0,38252,,
29,73047,3743,,0,38250,,
29,73047,3736,,0,38243,,
29,73047,3738,,0,38245,,
29,73047,3739,,0,38246,,
29,73047,3740,,0,38247,,
29,73047,3741,,0,38248,,
29,73047,3742,,0,38249,,
29,73047,3735,,0,38242,,
29,73047,3737,,0,38244,,
29,73047,3732,,0,38239,,
29,73047,3731,,0,38238,,
29,73047,3733,,0,38240,,
29,73047,3734,,0,38241,,
29,73047,3729,,1,38236,,
29,73047,3730,,1,38237,,
29,73047,3722,,1,38229,,
29,73047,3723,,1,38230,,
29,73047,3724,,1,38231,,
29,73047,3725,,1,38232,,
29,73047,3720,,1,38227,,
29,73047,3721,,1,38228,,
29,73047,3726,,1,38233,,
29,73047,3727,,1,38234,,
29,73047,3728,,1,38235,,