fare_id,price,currency_type,payment_method,transfers
174908,4.80,USD,0,0
174909,4.55,USD,0,0
174910,4.55,USD,0,0
174911,4.55,USD,0,0
174912,2.40,USD,0,0
174913,2.40,USD,0,0
174914,2.10,USD,0,0
174915,1.85,USD,0,0
174916,1.05,USD,0,0
174917,1.05,USD,0,0
174918,1.05,USD,0,0
174919,1.05,USD,0,0
174920,1.50,USD,0,0
174921,1.25,USD,0,0
174922,1.25,USD,0,0
174923,1.25,USD,0,0
174924,0.75,USD,0,0
174925,0.75,USD,0,0
174926,3.90,USD,0,0
174927,1.95,USD,0,0
174928,1.95,USD,0,0
174929,1.95,USD,0,0
174930,1.95,USD,0,0
174931,1.95,USD,0,0
174932,2.10,USD,0,0
174933,1.85,USD,0,0
174934,1.05,USD,0,0
174935,1.05,USD,0,0
174936,1.05,USD,0,0
174937,1.05,USD,0,0
174938,3.00,USD,0,0
174939,1.50,USD,0,0
174940,2.75,USD,0,0
174941,2.75,USD,0,0
174942,2.75,USD,0,0
174943,2.75,USD,0,0
174944,3.90,USD,0,0
174945,3.65,USD,0,0
174946,3.65,USD,0,0
174947,3.65,USD,0,0
174948,3.65,USD,0,0
174949,3.65,USD,0,0
174950,3.90,USD,0,0
174951,1.95,USD,0,0
174952,3.65,USD,0,0
174953,3.65,USD,0,0
174954,3.65,USD,0,0
174955,3.65,USD,0,0
174956,1.50,USD,0,0
174957,1.25,USD,0,0
174958,0.75,USD,0,0
174959,0.75,USD,0,0
174960,0.75,USD,0,0
174961,0.75,USD,0,0
174962,3.90,USD,0,0
174963,1.95,USD,0,0
174964,1.95,USD,0,0
174965,1.95,USD,0,0
174966,3.65,USD,0,0
174967,3.65,USD,0,0
174968,3.90,USD,0,0
174969,3.65,USD,0,0
174970,1.95,USD,0,0
174971,1.95,USD,0,0
174972,1.95,USD,0,0
174973,1.95,USD,0,0
174974,1.50,USD,0,0
174975,0.75,USD,0,0
174976,1.25,USD,0,0
174977,1.25,USD,0,0
174978,1.25,USD,0,0
174979,1.25,USD,0,0
174980,4.80,USD,0,0
174981,2.40,USD,0,0
174982,2.40,USD,0,0
174983,2.40,USD,0,0
174984,2.40,USD,0,0
174985,2.40,USD,0,0
174986,3.90,USD,0,0
174987,3.65,USD,0,0
174988,3.65,USD,0,0
174989,3.65,USD,0,0
174990,3.65,USD,0,0
174991,3.65,USD,0,0
174992,2.10,USD,0,0
174993,1.85,USD,0,0
174994,1.85,USD,0,0
174995,1.85,USD,0,0
174996,1.85,USD,0,0
174997,1.85,USD,0,0
174998,2.10,USD,0,0
174999,1.05,USD,0,0
175000,1.05,USD,0,0
175001,1.05,USD,0,0
175002,1.05,USD,0,0
175003,1.05,USD,0,0
175004,3.90,USD,0,0
175005,3.65,USD,0,0
175006,3.65,USD,0,0
175007,3.65,USD,0,0
175008,1.95,USD,0,0
175009,1.95,USD,0,0
175010,3.00,USD,0,0
175011,1.50,USD,0,0
175012,2.75,USD,0,0
175013,1.50,USD,0,0
175014,1.50,USD,0,0
175015,1.50,USD,0,0
175016,3.90,USD,0,0
175017,3.65,USD,0,0
175018,1.95,USD,0,0
175019,1.95,USD,0,0
175020,1.95,USD,0,0
175021,1.95,USD,0,0
175022,2.10,USD,0,0
175023,1.85,USD,0,0
175024,1.85,USD,0,0
175025,1.85,USD,0,0
175026,1.85,USD,0,0
175027,1.85,USD,0,0
175028,2.10,USD,0,0
175029,1.05,USD,0,0
175030,1.85,USD,0,0
175031,1.85,USD,0,0
175032,1.85,USD,0,0
175033,1.85,USD,0,0
175034,2.10,USD,0,0
175035,1.05,USD,0,0
175036,1.05,USD,0,0
175037,1.05,USD,0,0
175038,1.05,USD,0,0
175039,1.05,USD,0,0
175040,2.10,USD,0,0
175041,1.05,USD,0,0
175042,1.05,USD,0,0
175043,1.05,USD,0,0
175044,1.85,USD,0,0
175045,1.85,USD,0,0
175046,2.10,USD,0,0
175047,1.85,USD,0,0
175048,1.85,USD,0,0
175049,1.85,USD,0,0
175050,1.05,USD,0,0
175051,1.05,USD,0,0
175052,3.00,USD,0,0
175053,2.75,USD,0,0
175054,2.75,USD,0,0
175055,1.50,USD,0,0
175056,2.75,USD,0,0
175057,2.75,USD,0,0
175058,3.00,USD,0,0
175059,2.75,USD,0,0
175060,2.75,USD,0,0
175061,1.50,USD,0,0
175062,2.75,USD,0,0
175063,2.75,USD,0,0
175064,4.80,USD,0,0
175065,2.40,USD,0,0
175066,2.40,USD,0,0
175067,2.40,USD,0,0
175068,4.55,USD,0,0
175069,4.55,USD,0,0
175070,1.50,USD,0,0
175071,0.75,USD,0,0
175072,1.25,USD,0,0
175073,1.25,USD,0,0
175074,1.25,USD,0,0
175075,1.25,USD,0,0
175076,3.90,USD,0,0
175077,3.65,USD,0,0
175078,1.95,USD,0,0
175079,1.95,USD,0,0
175080,1.95,USD,0,0
175081,1.95,USD,0,0
175082,1.50,USD,0,0
175083,0.75,USD,0,0
175084,1.25,USD,0,0
175085,1.25,USD,0,0
175086,1.25,USD,0,0
175087,1.25,USD,0,0
175088,1.50,USD,0,0
175089,0.75,USD,0,0
175090,0.75,USD,0,0
175091,0.75,USD,0,0
175092,0.75,USD,0,0
175093,0.75,USD,0,0
175094,3.90,USD,0,0
175095,1.95,USD,0,0
175096,1.95,USD,0,0
175097,1.95,USD,0,0
175098,1.95,USD,0,0
175099,1.95,USD,0,0
175100,3.00,USD,0,0
175101,2.75,USD,0,0
175102,1.50,USD,0,0
175103,2.75,USD,0,0
175104,2.75,USD,0,0
175105,2.75,USD,0,0
175106,2.10,USD,0,0
175107,1.85,USD,0,0
175108,1.05,USD,0,0
175109,1.05,USD,0,0
175110,1.05,USD,0,0
175111,1.05,USD,0,0
175112,3.00,USD,0,0
175113,2.75,USD,0,0
175114,1.50,USD,0,0
175115,2.75,USD,0,0
175116,2.75,USD,0,0
175117,2.75,USD,0,0
175118,3.90,USD,0,0
175119,3.65,USD,0,0
175120,1.95,USD,0,0
175121,1.95,USD,0,0
175122,1.95,USD,0,0
175123,1.95,USD,0,0
175124,3.90,USD,0,0
175125,3.65,USD,0,0
175126,3.65,USD,0,0
175127,3.65,USD,0,0
175128,3.65,USD,0,0
175129,3.65,USD,0,0
175130,3.00,USD,0,0
175131,2.75,USD,0,0
175132,1.50,USD,0,0
175133,2.75,USD,0,0
175134,2.75,USD,0,0
175135,2.75,USD,0,0
175136,3.00,USD,0,0
175137,2.75,USD,0,0
175138,1.50,USD,0,0
175139,1.50,USD,0,0
175140,1.50,USD,0,0
175141,1.50,USD,0,0
175142,3.00,USD,0,0
175143,1.50,USD,0,0
175144,2.75,USD,0,0
175145,2.75,USD,0,0
175146,2.75,USD,0,0
175147,2.75,USD,0,0
175148,3.90,USD,0,0
175149,1.95,USD,0,0
175150,1.95,USD,0,0
175151,1.95,USD,0,0
175152,1.95,USD,0,0
175153,1.95,USD,0,0
175154,4.80,USD,0,0
175155,4.55,USD,0,0
175156,2.40,USD,0,0
175157,2.40,USD,0,0
175158,2.40,USD,0,0
175159,2.40,USD,0,0
175160,3.90,USD,0,0
175161,1.95,USD,0,0
175162,1.95,USD,0,0
175163,1.95,USD,0,0
175164,3.65,USD,0,0
175165,3.65,USD,0,0
175166,4.80,USD,0,0
175167,4.55,USD,0,0
175168,4.55,USD,0,0
175169,4.55,USD,0,0
175170,4.55,USD,0,0
175171,4.55,USD,0,0
175172,2.10,USD,0,0
175173,1.05,USD,0,0
175174,1.05,USD,0,0
175175,1.05,USD,0,0
175176,1.05,USD,0,0
175177,1.05,USD,0,0
175178,3.00,USD,0,0
175179,1.50,USD,0,0
175180,1.50,USD,0,0
175181,1.50,USD,0,0
175182,2.75,USD,0,0
175183,1.50,USD,0,0
175184,2.10,USD,0,0
175185,1.05,USD,0,0
175186,1.85,USD,0,0
175187,1.85,USD,0,0
175188,1.85,USD,0,0
175189,1.85,USD,0,0
175190,1.50,USD,0,0
175191,1.25,USD,0,0
175192,1.25,USD,0,0
175193,1.25,USD,0,0
175194,0.75,USD,0,0
175195,0.75,USD,0,0
175196,2.10,USD,0,0
175197,1.85,USD,0,0
175198,1.85,USD,0,0
175199,1.85,USD,0,0
175200,1.05,USD,0,0
175201,1.05,USD,0,0
175202,3.00,USD,0,0
175203,2.75,USD,0,0
175204,1.50,USD,0,0
175205,1.50,USD,0,0
175206,1.50,USD,0,0
175207,1.50,USD,0,0
175208,3.90,USD,0,0
175209,3.65,USD,0,0
175210,1.95,USD,0,0
175211,1.95,USD,0,0
175212,1.95,USD,0,0
175213,1.95,USD,0,0
175214,3.00,USD,0,0
175215,2.75,USD,0,0
175216,2.75,USD,0,0
175217,1.50,USD,0,0
175218,2.75,USD,0,0
175219,2.75,USD,0,0
175220,1.50,USD,0,0
175221,0.75,USD,0,0
175222,0.75,USD,0,0
175223,0.75,USD,0,0
175224,1.25,USD,0,0
175225,1.25,USD,0,0
175226,2.10,USD,0,0
175227,1.05,USD,0,0
175228,1.05,USD,0,0
175229,1.05,USD,0,0
175230,1.85,USD,0,0
175231,1.85,USD,0,0
175232,2.10,USD,0,0
175233,1.05,USD,0,0
175234,1.85,USD,0,0
175235,1.85,USD,0,0
175236,1.85,USD,0,0
175237,1.85,USD,0,0
175238,3.00,USD,0,0
175239,2.75,USD,0,0
175240,1.50,USD,0,0
175241,2.75,USD,0,0
175242,2.75,USD,0,0
175243,2.75,USD,0,0
175244,3.00,USD,0,0
175245,1.50,USD,0,0
175246,1.50,USD,0,0
175247,2.75,USD,0,0
175248,1.50,USD,0,0
175249,1.50,USD,0,0
175250,3.00,USD,0,0
175251,1.50,USD,0,0
175252,2.75,USD,0,0
175253,2.75,USD,0,0
175254,2.75,USD,0,0
175255,2.75,USD,0,0
175256,4.80,USD,0,0
175257,4.55,USD,0,0
175258,4.55,USD,0,0
175259,4.55,USD,0,0
175260,2.40,USD,0,0
175261,2.40,USD,0,0
175262,2.10,USD,0,0
175263,1.85,USD,0,0
175264,1.05,USD,0,0
175265,1.05,USD,0,0
175266,1.05,USD,0,0
175267,1.05,USD,0,0
175268,3.90,USD,0,0
175269,3.65,USD,0,0
175270,1.95,USD,0,0
175271,1.95,USD,0,0
175272,1.95,USD,0,0
175273,1.95,USD,0,0
175274,3.00,USD,0,0
175275,1.50,USD,0,0
175276,2.75,USD,0,0
175277,1.50,USD,0,0
175278,1.50,USD,0,0
175279,1.50,USD,0,0
175280,2.10,USD,0,0
175281,1.85,USD,0,0
175282,1.05,USD,0,0
175283,1.05,USD,0,0
175284,1.05,USD,0,0
175285,1.05,USD,0,0
175286,2.10,USD,0,0
175287,1.85,USD,0,0
175288,1.05,USD,0,0
175289,1.05,USD,0,0
175290,1.05,USD,0,0
175291,1.05,USD,0,0